CheckPointVersion_1.0
2
0
0
0
(0 (0,0)(1.25,0.375) 1)
(RealBox 0 40 0 24 )((0,0) (31,63) (0,0)) 

10000000 
10000000 
1 
0 
0 
0
(0 (0,0)(1.25,0.375) 1)
(RealBox 0 40 0 24 )((0,0) (31,63) (0,0))
(1 0
((0,0) (31,63) (0,0))
)4
((0,0) (31,63) (0,0))
(1 0
((0,0) (31,63) (0,0))
)-10000000
-10000000
0
0
1
Level_0/SD_0_New_MF
((0,0) (31,63) (0,0))
(1 0
((0,0) (31,63) (0,0))
)-10000000
-10000000
0
0
1
Level_0/SD_1_New_MF
((0,0) (31,63) (0,0))
(1 0
((0,0) (31,63) (0,0))
)-10000000
-10000000
0
0
1
Level_0/SD_2_New_MF
((0,0) (31,63) (0,0))
(1 0
((0,0) (31,63) (0,0))
)-10000000
-10000000
0
0
1
Level_0/SD_3_New_MF
0
