
          ---- Aqueous concentrations vs. grid blocks at specified times ----

   Unit: 
    - Aqueous species: Total concencentrations in mol/kg h2o
    - Aqueous species: Individual concentrations in mol/kg h2o
    - Surface species: Concentrations in mol/kg h2o
    - Component in dry nodes in mol/L medium
 
VARIABLES =X,        Y,       Z,  P(bar)  ,      Sg,       Sl  ,     T(C)  ,  aH2O,    pH     ,t_h2o               ,t_h+                ,t_al+3              ,t_ca+2              ,t_cl-               ,t_fe+3              ,t_hco3-             ,t_k+                ,t_mg+2              ,t_na+               ,t_sio2(aq)          ,t_so4-2             ,t_sr+2              ,t_no3-              ,t_uo2+2             ,t_hfo_woh           ,t_>k1_aloh          ,t_k1_x-             ,t_>sioh             ,al+3                ,>sioh               ,hfo_woh2+           ,hfo_wo-             ,hfo_woca+           ,hfo_womg+           ,>k1_aloh2+          ,>k1_alohna+         ,>k1_aloh2no3        ,k1_xna              ,k1_xh               ,>sioh2+             ,>sio-               ,>siona              ,hfo_ohhco3-         ,hfo_ohh2co3         ,hfo_ohuo2oh+        ,(hfo_o)2(uo2)3(oh)5-,(hfo_o)2(uo2)co3-2  ,
ZONE T= "3.500000E+01 yr"  F=POINT
      0.500      0.500     -0.050  0.5439E-05  0.4561E+00  0.5439E+00   4.000  1.0000  5.3997  0.5551E+02  0.4140E-04  0.1261E-09  0.1017E-02  0.7265E-02  0.9679E-10  0.5992E-04  0.1497E-03  0.7187E-03  0.7272E-02  0.3164E-04  0.7305E-06  0.4939E-08  0.3251E-06  0.1596E-09  0.2879E-01  0.1961E-01  0.2420E-02  0.9010E-02  0.4896E-09  0.8994E-02  0.1002E-01  0.6855E-03  0.2281E-08  0.3949E-07  0.8554E-02  0.1163E-02  0.8877E-08  0.1191E-03  0.1748E-02  0.3204E-08  0.1593E-04  0.9714E-07  0.3793E-04  0.7103E-03  0.8496E-05  0.4777E-15  0.4187E-07
      0.500      0.500     -0.150  0.5413E-05  0.4587E+00  0.5413E+00   4.000  1.0000  5.3997  0.5551E+02  0.4146E-04  0.1270E-09  0.1015E-02  0.7256E-02  0.9667E-10  0.5996E-04  0.1495E-03  0.7178E-03  0.7263E-02  0.3281E-04  0.7575E-06  0.5118E-08  0.3371E-06  0.1618E-09  0.2879E-01  0.1961E-01  0.2420E-02  0.9010E-02  0.4896E-09  0.8994E-02  0.1002E-01  0.6855E-03  0.2281E-08  0.3949E-07  0.8554E-02  0.1163E-02  0.8877E-08  0.1191E-03  0.1748E-02  0.3204E-08  0.1593E-04  0.9714E-07  0.3793E-04  0.7103E-03  0.8496E-05  0.4777E-15  0.4187E-07
      0.500      0.500     -0.250  0.5413E-05  0.4587E+00  0.5413E+00   4.000  1.0000  5.3997  0.5551E+02  0.4151E-04  0.1279E-09  0.1014E-02  0.7247E-02  0.9655E-10  0.5999E-04  0.1494E-03  0.7170E-03  0.7254E-02  0.3403E-04  0.7855E-06  0.5303E-08  0.3496E-06  0.1641E-09  0.2879E-01  0.1961E-01  0.2420E-02  0.9010E-02  0.4896E-09  0.8994E-02  0.1002E-01  0.6855E-03  0.2281E-08  0.3949E-07  0.8554E-02  0.1163E-02  0.8877E-08  0.1191E-03  0.1748E-02  0.3204E-08  0.1593E-04  0.9714E-07  0.3793E-04  0.7103E-03  0.8496E-05  0.4777E-15  0.4187E-07
      0.500      0.500     -0.350  0.5413E-05  0.4587E+00  0.5413E+00   4.000  1.0000  5.3997  0.5551E+02  0.4157E-04  0.1288E-09  0.1013E-02  0.7237E-02  0.9642E-10  0.6003E-04  0.1492E-03  0.7161E-03  0.7245E-02  0.3529E-04  0.8146E-06  0.5496E-08  0.3625E-06  0.1665E-09  0.2879E-01  0.1961E-01  0.2420E-02  0.9010E-02  0.4896E-09  0.8994E-02  0.1002E-01  0.6855E-03  0.2281E-08  0.3949E-07  0.8554E-02  0.1163E-02  0.8877E-08  0.1191E-03  0.1748E-02  0.3204E-08  0.1593E-04  0.9714E-07  0.3793E-04  0.7103E-03  0.8496E-05  0.4777E-15  0.4187E-07
      0.500      0.500     -0.450  0.5413E-05  0.4587E+00  0.5413E+00   4.000  1.0000  5.3997  0.5551E+02  0.4163E-04  0.1298E-09  0.1012E-02  0.7227E-02  0.9629E-10  0.6007E-04  0.1491E-03  0.7152E-03  0.7235E-02  0.3659E-04  0.8447E-06  0.5696E-08  0.3759E-06  0.1689E-09  0.2879E-01  0.1961E-01  0.2420E-02  0.9010E-02  0.4896E-09  0.8994E-02  0.1002E-01  0.6855E-03  0.2281E-08  0.3949E-07  0.8554E-02  0.1163E-02  0.8877E-08  0.1191E-03  0.1748E-02  0.3204E-08  0.1593E-04  0.9714E-07  0.3793E-04  0.7103E-03  0.8496E-05  0.4777E-15  0.4187E-07
      0.500      0.500     -0.550  0.5413E-05  0.4587E+00  0.5413E+00   4.000  1.0000  5.3997  0.5551E+02  0.4170E-04  0.1308E-09  0.1010E-02  0.7217E-02  0.9615E-10  0.6011E-04  0.1489E-03  0.7142E-03  0.7225E-02  0.3795E-04  0.8760E-06  0.5903E-08  0.3898E-06  0.1715E-09  0.2879E-01  0.1961E-01  0.2420E-02  0.9010E-02  0.4896E-09  0.8994E-02  0.1002E-01  0.6855E-03  0.2281E-08  0.3949E-07  0.8554E-02  0.1163E-02  0.8877E-08  0.1191E-03  0.1748E-02  0.3204E-08  0.1593E-04  0.9714E-07  0.3793E-04  0.7103E-03  0.8496E-05  0.4777E-15  0.4187E-07
      0.500      0.500     -0.650  0.5413E-05  0.4587E+00  0.5413E+00   4.000  1.0000  5.3997  0.5551E+02  0.4176E-04  0.1318E-09  0.1009E-02  0.7206E-02  0.9601E-10  0.6015E-04  0.1487E-03  0.7132E-03  0.7215E-02  0.3935E-04  0.9084E-06  0.6117E-08  0.4042E-06  0.1741E-09  0.2879E-01  0.1961E-01  0.2420E-02  0.9010E-02  0.4896E-09  0.8994E-02  0.1002E-01  0.6855E-03  0.2281E-08  0.3949E-07  0.8554E-02  0.1163E-02  0.8877E-08  0.1191E-03  0.1748E-02  0.3204E-08  0.1593E-04  0.9714E-07  0.3793E-04  0.7103E-03  0.8496E-05  0.4777E-15  0.4187E-07
      0.500      0.500     -0.750  0.5413E-05  0.4587E+00  0.5413E+00   4.000  1.0000  5.3997  0.5551E+02  0.4183E-04  0.1329E-09  0.1007E-02  0.7195E-02  0.9586E-10  0.6019E-04  0.1486E-03  0.7122E-03  0.7204E-02  0.4081E-04  0.9420E-06  0.6340E-08  0.4192E-06  0.1769E-09  0.2879E-01  0.1961E-01  0.2420E-02  0.9010E-02  0.4896E-09  0.8994E-02  0.1002E-01  0.6855E-03  0.2281E-08  0.3949E-07  0.8554E-02  0.1163E-02  0.8877E-08  0.1191E-03  0.1748E-02  0.3204E-08  0.1593E-04  0.9714E-07  0.3793E-04  0.7103E-03  0.8496E-05  0.4777E-15  0.4187E-07
      0.500      0.500     -0.850  0.5413E-05  0.4587E+00  0.5413E+00   4.000  1.0000  5.3997  0.5551E+02  0.4190E-04  0.1340E-09  0.1006E-02  0.7183E-02  0.9570E-10  0.6024E-04  0.1484E-03  0.7111E-03  0.7193E-02  0.4232E-04  0.9769E-06  0.6571E-08  0.4347E-06  0.1797E-09  0.2879E-01  0.1961E-01  0.2420E-02  0.9010E-02  0.4896E-09  0.8994E-02  0.1002E-01  0.6855E-03  0.2281E-08  0.3949E-07  0.8554E-02  0.1163E-02  0.8877E-08  0.1191E-03  0.1748E-02  0.3204E-08  0.1593E-04  0.9714E-07  0.3793E-04  0.7103E-03  0.8496E-05  0.4777E-15  0.4187E-07
      0.500      0.500     -0.950  0.5413E-05  0.4587E+00  0.5413E+00   4.000  1.0000  5.3997  0.5551E+02  0.4197E-04  0.1351E-09  0.1004E-02  0.7171E-02  0.9555E-10  0.6028E-04  0.1482E-03  0.7100E-03  0.7181E-02  0.4388E-04  0.1013E-05  0.6811E-08  0.4508E-06  0.1827E-09  0.2879E-01  0.1961E-01  0.2420E-02  0.9010E-02  0.4896E-09  0.8994E-02  0.1002E-01  0.6855E-03  0.2281E-08  0.3949E-07  0.8554E-02  0.1163E-02  0.8877E-08  0.1191E-03  0.1748E-02  0.3204E-08  0.1593E-04  0.9714E-07  0.3793E-04  0.7103E-03  0.8496E-05  0.4777E-15  0.4187E-07
      0.500      0.500     -1.050  0.5413E-05  0.4587E+00  0.5413E+00   4.000  1.0000  5.3997  0.5551E+02  0.4205E-04  0.1363E-09  0.1003E-02  0.7159E-02  0.9538E-10  0.6033E-04  0.1480E-03  0.7089E-03  0.7169E-02  0.4551E-04  0.1051E-05  0.7059E-08  0.4675E-06  0.1857E-09  0.2879E-01  0.1961E-01  0.2420E-02  0.9010E-02  0.4896E-09  0.8994E-02  0.1002E-01  0.6855E-03  0.2281E-08  0.3949E-07  0.8554E-02  0.1163E-02  0.8877E-08  0.1191E-03  0.1748E-02  0.3204E-08  0.1593E-04  0.9714E-07  0.3793E-04  0.7103E-03  0.8496E-05  0.4777E-15  0.4187E-07
      0.500      0.500     -1.150  0.5413E-05  0.4587E+00  0.5413E+00   4.000  1.0000  5.3997  0.5551E+02  0.4213E-04  0.1375E-09  0.1001E-02  0.7146E-02  0.9521E-10  0.6038E-04  0.1478E-03  0.7077E-03  0.7157E-02  0.4719E-04  0.1089E-05  0.7316E-08  0.4848E-06  0.1889E-09  0.2879E-01  0.1961E-01  0.2420E-02  0.9010E-02  0.4896E-09  0.8994E-02  0.1002E-01  0.6855E-03  0.2281E-08  0.3949E-07  0.8554E-02  0.1163E-02  0.8877E-08  0.1191E-03  0.1748E-02  0.3204E-08  0.1593E-04  0.9714E-07  0.3793E-04  0.7103E-03  0.8496E-05  0.4777E-15  0.4187E-07
      0.500      0.500     -1.250  0.5413E-05  0.4587E+00  0.5413E+00   4.000  1.0000  5.3997  0.5551E+02  0.4221E-04  0.1388E-09  0.9990E-03  0.7133E-02  0.9503E-10  0.6043E-04  0.1475E-03  0.7064E-03  0.7144E-02  0.4894E-04  0.1130E-05  0.7584E-08  0.5027E-06  0.1922E-09  0.2879E-01  0.1961E-01  0.2420E-02  0.9010E-02  0.4896E-09  0.8994E-02  0.1002E-01  0.6855E-03  0.2281E-08  0.3949E-07  0.8554E-02  0.1163E-02  0.8877E-08  0.1191E-03  0.1748E-02  0.3204E-08  0.1593E-04  0.9714E-07  0.3793E-04  0.7103E-03  0.8496E-05  0.4777E-15  0.4187E-07
      0.500      0.500     -1.350  0.5413E-05  0.4587E+00  0.5413E+00   4.000  1.0000  5.3997  0.5551E+02  0.4229E-04  0.1401E-09  0.9972E-03  0.7119E-02  0.9485E-10  0.6048E-04  0.1473E-03  0.7052E-03  0.7130E-02  0.5075E-04  0.1171E-05  0.7860E-08  0.5213E-06  0.1956E-09  0.2879E-01  0.1961E-01  0.2420E-02  0.9010E-02  0.4896E-09  0.8994E-02  0.1002E-01  0.6855E-03  0.2281E-08  0.3949E-07  0.8554E-02  0.1163E-02  0.8877E-08  0.1191E-03  0.1748E-02  0.3204E-08  0.1593E-04  0.9714E-07  0.3793E-04  0.7103E-03  0.8496E-05  0.4777E-15  0.4187E-07
      0.500      0.500     -1.450  0.5413E-05  0.4587E+00  0.5413E+00   4.000  1.0000  5.3997  0.5551E+02  0.4238E-04  0.1415E-09  0.9953E-03  0.7105E-02  0.9466E-10  0.6054E-04  0.1471E-03  0.7038E-03  0.7116E-02  0.5263E-04  0.1215E-05  0.8148E-08  0.5406E-06  0.1992E-09  0.2879E-01  0.1961E-01  0.2420E-02  0.9010E-02  0.4896E-09  0.8994E-02  0.1002E-01  0.6855E-03  0.2281E-08  0.3949E-07  0.8554E-02  0.1163E-02  0.8877E-08  0.1191E-03  0.1748E-02  0.3204E-08  0.1593E-04  0.9714E-07  0.3793E-04  0.7103E-03  0.8496E-05  0.4777E-15  0.4187E-07
      0.500      0.500     -1.550  0.5413E-05  0.4587E+00  0.5413E+00   4.000  1.0000  5.3997  0.5551E+02  0.4247E-04  0.1429E-09  0.9933E-03  0.7090E-02  0.9446E-10  0.6059E-04  0.1469E-03  0.7025E-03  0.7102E-02  0.5457E-04  0.1260E-05  0.8445E-08  0.5606E-06  0.2028E-09  0.2879E-01  0.1961E-01  0.2420E-02  0.9010E-02  0.4896E-09  0.8994E-02  0.1002E-01  0.6855E-03  0.2281E-08  0.3949E-07  0.8554E-02  0.1163E-02  0.8877E-08  0.1191E-03  0.1748E-02  0.3204E-08  0.1593E-04  0.9714E-07  0.3793E-04  0.7103E-03  0.8496E-05  0.4777E-15  0.4187E-07
      0.500      0.500     -1.650  0.5413E-05  0.4587E+00  0.5413E+00   4.000  1.0000  5.3997  0.5551E+02  0.4256E-04  0.1444E-09  0.9912E-03  0.7074E-02  0.9426E-10  0.6065E-04  0.1466E-03  0.7010E-03  0.7087E-02  0.5659E-04  0.1306E-05  0.8754E-08  0.5813E-06  0.2066E-09  0.2879E-01  0.1961E-01  0.2420E-02  0.9010E-02  0.4896E-09  0.8994E-02  0.1002E-01  0.6855E-03  0.2281E-08  0.3949E-07  0.8554E-02  0.1163E-02  0.8877E-08  0.1191E-03  0.1748E-02  0.3204E-08  0.1593E-04  0.9714E-07  0.3793E-04  0.7103E-03  0.8496E-05  0.4777E-15  0.4187E-07
      0.500      0.500     -1.750  0.5413E-05  0.4587E+00  0.5413E+00   4.000  1.0000  5.3997  0.5551E+02  0.4266E-04  0.1459E-09  0.9891E-03  0.7058E-02  0.9404E-10  0.6071E-04  0.1463E-03  0.6996E-03  0.7071E-02  0.5869E-04  0.1355E-05  0.9075E-08  0.6028E-06  0.2106E-09  0.2879E-01  0.1961E-01  0.2420E-02  0.9010E-02  0.4896E-09  0.8994E-02  0.1002E-01  0.6855E-03  0.2281E-08  0.3949E-07  0.8554E-02  0.1163E-02  0.8877E-08  0.1191E-03  0.1748E-02  0.3204E-08  0.1593E-04  0.9714E-07  0.3793E-04  0.7103E-03  0.8496E-05  0.4777E-15  0.4187E-07
      0.500      0.500     -1.850  0.5413E-05  0.4587E+00  0.5413E+00   4.000  1.0000  5.3997  0.5551E+02  0.4276E-04  0.1475E-09  0.9869E-03  0.7042E-02  0.9382E-10  0.6078E-04  0.1461E-03  0.6980E-03  0.7055E-02  0.6086E-04  0.1405E-05  0.9407E-08  0.6251E-06  0.2147E-09  0.2879E-01  0.1961E-01  0.2420E-02  0.9010E-02  0.4896E-09  0.8994E-02  0.1002E-01  0.6855E-03  0.2281E-08  0.3949E-07  0.8554E-02  0.1163E-02  0.8877E-08  0.1191E-03  0.1748E-02  0.3204E-08  0.1593E-04  0.9714E-07  0.3793E-04  0.7103E-03  0.8496E-05  0.4777E-15  0.4187E-07
      0.500      0.500     -1.950  0.5413E-05  0.4587E+00  0.5413E+00   4.000  1.0000  5.3997  0.5551E+02  0.4287E-04  0.1492E-09  0.9846E-03  0.7024E-02  0.9359E-10  0.6084E-04  0.1458E-03  0.6964E-03  0.7038E-02  0.6311E-04  0.1457E-05  0.9751E-08  0.6483E-06  0.2189E-09  0.2879E-01  0.1961E-01  0.2420E-02  0.9010E-02  0.4896E-09  0.8994E-02  0.1002E-01  0.6855E-03  0.2281E-08  0.3949E-07  0.8554E-02  0.1163E-02  0.8877E-08  0.1191E-03  0.1748E-02  0.3204E-08  0.1593E-04  0.9714E-07  0.3793E-04  0.7103E-03  0.8496E-05  0.4777E-15  0.4187E-07
      0.500      0.500     -2.050  0.5413E-05  0.4587E+00  0.5413E+00   4.000  1.0000  5.3997  0.5551E+02  0.4298E-04  0.1509E-09  0.9822E-03  0.7007E-02  0.9336E-10  0.6091E-04  0.1455E-03  0.6948E-03  0.7021E-02  0.6545E-04  0.1511E-05  0.1011E-07  0.6723E-06  0.2233E-09  0.2879E-01  0.1961E-01  0.2420E-02  0.9010E-02  0.4896E-09  0.8994E-02  0.1002E-01  0.6855E-03  0.2281E-08  0.3949E-07  0.8554E-02  0.1163E-02  0.8877E-08  0.1191E-03  0.1748E-02  0.3204E-08  0.1593E-04  0.9714E-07  0.3793E-04  0.7103E-03  0.8496E-05  0.4777E-15  0.4187E-07
      0.500      0.500     -2.150  0.5413E-05  0.4587E+00  0.5413E+00   4.000  1.0000  5.3997  0.5551E+02  0.4309E-04  0.1526E-09  0.9797E-03  0.6988E-02  0.9311E-10  0.6098E-04  0.1452E-03  0.6931E-03  0.7003E-02  0.6787E-04  0.1567E-05  0.1048E-07  0.6971E-06  0.2279E-09  0.2879E-01  0.1961E-01  0.2420E-02  0.9010E-02  0.4896E-09  0.8994E-02  0.1002E-01  0.6855E-03  0.2281E-08  0.3949E-07  0.8554E-02  0.1163E-02  0.8877E-08  0.1191E-03  0.1748E-02  0.3204E-08  0.1593E-04  0.9714E-07  0.3793E-04  0.7103E-03  0.8496E-05  0.4777E-15  0.4187E-07
      0.500      0.500     -2.250  0.5413E-05  0.4587E+00  0.5413E+00   4.000  1.0000  5.3997  0.5551E+02  0.4321E-04  0.1545E-09  0.9771E-03  0.6969E-02  0.9286E-10  0.6106E-04  0.1449E-03  0.6913E-03  0.6984E-02  0.7038E-04  0.1625E-05  0.1086E-07  0.7229E-06  0.2326E-09  0.2879E-01  0.1961E-01  0.2420E-02  0.9010E-02  0.4896E-09  0.8994E-02  0.1002E-01  0.6855E-03  0.2281E-08  0.3949E-07  0.8554E-02  0.1163E-02  0.8877E-08  0.1191E-03  0.1748E-02  0.3204E-08  0.1593E-04  0.9714E-07  0.3793E-04  0.7103E-03  0.8496E-05  0.4777E-15  0.4187E-07
      0.500      0.500     -2.350  0.5413E-05  0.4587E+00  0.5413E+00   4.000  1.0000  5.3997  0.5551E+02  0.4333E-04  0.1564E-09  0.9745E-03  0.6949E-02  0.9259E-10  0.6113E-04  0.1446E-03  0.6895E-03  0.6965E-02  0.7299E-04  0.1685E-05  0.1126E-07  0.7497E-06  0.2375E-09  0.2879E-01  0.1961E-01  0.2420E-02  0.9010E-02  0.4896E-09  0.8994E-02  0.1002E-01  0.6855E-03  0.2281E-08  0.3949E-07  0.8554E-02  0.1163E-02  0.8877E-08  0.1191E-03  0.1748E-02  0.3204E-08  0.1593E-04  0.9714E-07  0.3793E-04  0.7103E-03  0.8496E-05  0.4777E-15  0.4187E-07
      0.500      0.500     -2.450  0.5413E-05  0.4587E+00  0.5413E+00   4.000  1.0000  5.3997  0.5551E+02  0.4345E-04  0.1584E-09  0.9717E-03  0.6928E-02  0.9232E-10  0.6121E-04  0.1442E-03  0.6876E-03  0.6945E-02  0.7569E-04  0.1747E-05  0.1167E-07  0.7774E-06  0.2426E-09  0.2879E-01  0.1961E-01  0.2420E-02  0.9010E-02  0.4896E-09  0.8994E-02  0.1002E-01  0.6855E-03  0.2281E-08  0.3949E-07  0.8554E-02  0.1163E-02  0.8877E-08  0.1191E-03  0.1748E-02  0.3204E-08  0.1593E-04  0.9714E-07  0.3793E-04  0.7103E-03  0.8496E-05  0.4777E-15  0.4187E-07
      0.500      0.500     -2.550  0.5413E-05  0.4587E+00  0.5413E+00   4.000  1.0000  5.3997  0.5551E+02  0.4358E-04  0.1604E-09  0.9689E-03  0.6907E-02  0.9203E-10  0.6129E-04  0.1439E-03  0.6856E-03  0.6924E-02  0.7849E-04  0.1812E-05  0.1210E-07  0.8062E-06  0.2479E-09  0.2879E-01  0.1961E-01  0.2420E-02  0.9010E-02  0.4896E-09  0.8994E-02  0.1002E-01  0.6855E-03  0.2281E-08  0.3949E-07  0.8554E-02  0.1163E-02  0.8877E-08  0.1191E-03  0.1748E-02  0.3204E-08  0.1593E-04  0.9714E-07  0.3793E-04  0.7103E-03  0.8496E-05  0.4777E-15  0.4187E-07
      0.500      0.500     -2.650  0.5414E-05  0.4586E+00  0.5414E+00   4.000  1.0000  5.3997  0.5551E+02  0.4372E-04  0.1625E-09  0.9659E-03  0.6885E-02  0.9174E-10  0.6138E-04  0.1435E-03  0.6835E-03  0.6903E-02  0.8139E-04  0.1879E-05  0.1255E-07  0.8360E-06  0.2534E-09  0.2879E-01  0.1961E-01  0.2420E-02  0.9010E-02  0.4896E-09  0.8994E-02  0.1002E-01  0.6855E-03  0.2281E-08  0.3949E-07  0.8554E-02  0.1163E-02  0.8877E-08  0.1191E-03  0.1748E-02  0.3204E-08  0.1593E-04  0.9714E-07  0.3793E-04  0.7103E-03  0.8496E-05  0.4777E-15  0.4187E-07
      0.500      0.500     -2.750  0.5414E-05  0.4586E+00  0.5414E+00   4.000  1.0000  5.3997  0.5551E+02  0.4386E-04  0.1647E-09  0.9628E-03  0.6862E-02  0.9143E-10  0.6147E-04  0.1432E-03  0.6814E-03  0.6880E-02  0.8440E-04  0.1948E-05  0.1301E-07  0.8669E-06  0.2590E-09  0.2879E-01  0.1961E-01  0.2420E-02  0.9010E-02  0.4896E-09  0.8994E-02  0.1002E-01  0.6855E-03  0.2281E-08  0.3949E-07  0.8554E-02  0.1163E-02  0.8877E-08  0.1191E-03  0.1748E-02  0.3204E-08  0.1593E-04  0.9714E-07  0.3793E-04  0.7103E-03  0.8496E-05  0.4777E-15  0.4187E-07
      0.500      0.500     -2.850  0.5414E-05  0.4586E+00  0.5414E+00   4.000  1.0000  5.3997  0.5551E+02  0.4400E-04  0.1670E-09  0.9596E-03  0.6838E-02  0.9112E-10  0.6156E-04  0.1428E-03  0.6792E-03  0.6857E-02  0.8753E-04  0.2020E-05  0.1348E-07  0.8990E-06  0.2649E-09  0.2879E-01  0.1961E-01  0.2420E-02  0.9010E-02  0.4896E-09  0.8994E-02  0.1002E-01  0.6855E-03  0.2281E-08  0.3949E-07  0.8554E-02  0.1163E-02  0.8877E-08  0.1191E-03  0.1748E-02  0.3204E-08  0.1593E-04  0.9714E-07  0.3793E-04  0.7103E-03  0.8496E-05  0.4777E-15  0.4187E-07
      0.500      0.500     -2.950  0.5414E-05  0.4586E+00  0.5414E+00   4.000  1.0000  5.3997  0.5551E+02  0.4416E-04  0.1694E-09  0.9563E-03  0.6813E-02  0.9079E-10  0.6165E-04  0.1424E-03  0.6769E-03  0.6833E-02  0.9077E-04  0.2095E-05  0.1398E-07  0.9323E-06  0.2710E-09  0.2879E-01  0.1961E-01  0.2420E-02  0.9010E-02  0.4896E-09  0.8994E-02  0.1002E-01  0.6855E-03  0.2281E-08  0.3949E-07  0.8554E-02  0.1163E-02  0.8877E-08  0.1191E-03  0.1748E-02  0.3204E-08  0.1593E-04  0.9714E-07  0.3793E-04  0.7103E-03  0.8496E-05  0.4777E-15  0.4187E-07
      0.500      0.500     -3.050  0.5414E-05  0.4586E+00  0.5414E+00   4.000  1.0000  5.3997  0.5551E+02  0.4431E-04  0.1719E-09  0.9529E-03  0.6787E-02  0.9045E-10  0.6175E-04  0.1420E-03  0.6745E-03  0.6808E-02  0.9412E-04  0.2173E-05  0.1449E-07  0.9668E-06  0.2773E-09  0.2879E-01  0.1961E-01  0.2420E-02  0.9010E-02  0.4896E-09  0.8994E-02  0.1002E-01  0.6855E-03  0.2281E-08  0.3949E-07  0.8554E-02  0.1163E-02  0.8877E-08  0.1191E-03  0.1748E-02  0.3204E-08  0.1593E-04  0.9714E-07  0.3793E-04  0.7103E-03  0.8496E-05  0.4777E-15  0.4187E-07
      0.500      0.500     -3.150  0.5414E-05  0.4586E+00  0.5414E+00   4.000  1.0000  5.3997  0.5551E+02  0.4447E-04  0.1744E-09  0.9493E-03  0.6761E-02  0.9009E-10  0.6185E-04  0.1415E-03  0.6721E-03  0.6782E-02  0.9761E-04  0.2253E-05  0.1503E-07  0.1003E-05  0.2839E-09  0.2879E-01  0.1961E-01  0.2420E-02  0.9010E-02  0.4896E-09  0.8994E-02  0.1002E-01  0.6855E-03  0.2281E-08  0.3949E-07  0.8554E-02  0.1163E-02  0.8877E-08  0.1191E-03  0.1748E-02  0.3204E-08  0.1593E-04  0.9714E-07  0.3793E-04  0.7103E-03  0.8496E-05  0.4777E-15  0.4187E-07
      0.500      0.500     -3.250  0.5414E-05  0.4586E+00  0.5414E+00   4.000  1.0000  5.3997  0.5551E+02  0.4464E-04  0.1770E-09  0.9457E-03  0.6733E-02  0.8973E-10  0.6196E-04  0.1411E-03  0.6695E-03  0.6756E-02  0.1012E-03  0.2336E-05  0.1558E-07  0.1040E-05  0.2907E-09  0.2879E-01  0.1961E-01  0.2420E-02  0.9010E-02  0.4896E-09  0.8994E-02  0.1002E-01  0.6855E-03  0.2281E-08  0.3949E-07  0.8554E-02  0.1163E-02  0.8877E-08  0.1191E-03  0.1748E-02  0.3204E-08  0.1593E-04  0.9714E-07  0.3793E-04  0.7103E-03  0.8496E-05  0.4777E-15  0.4187E-07
      0.500      0.500     -3.350  0.5415E-05  0.4585E+00  0.5415E+00   4.000  1.0000  5.3997  0.5551E+02  0.4482E-04  0.1798E-09  0.9418E-03  0.6704E-02  0.8935E-10  0.6207E-04  0.1406E-03  0.6669E-03  0.6728E-02  0.1050E-03  0.2423E-05  0.1615E-07  0.1078E-05  0.2978E-09  0.2879E-01  0.1961E-01  0.2420E-02  0.9010E-02  0.4896E-09  0.8994E-02  0.1002E-01  0.6855E-03  0.2281E-08  0.3949E-07  0.8554E-02  0.1163E-02  0.8877E-08  0.1191E-03  0.1748E-02  0.3204E-08  0.1593E-04  0.9714E-07  0.3793E-04  0.7103E-03  0.8496E-05  0.4777E-15  0.4187E-07
      0.500      0.500     -3.450  0.5415E-05  0.4585E+00  0.5415E+00   4.000  1.0000  5.3997  0.5551E+02  0.4500E-04  0.1826E-09  0.9379E-03  0.6675E-02  0.8895E-10  0.6218E-04  0.1401E-03  0.6641E-03  0.6699E-02  0.1088E-03  0.2512E-05  0.1674E-07  0.1118E-05  0.3051E-09  0.2879E-01  0.1961E-01  0.2420E-02  0.9010E-02  0.4896E-09  0.8994E-02  0.1002E-01  0.6855E-03  0.2281E-08  0.3949E-07  0.8554E-02  0.1163E-02  0.8877E-08  0.1191E-03  0.1748E-02  0.3204E-08  0.1593E-04  0.9714E-07  0.3793E-04  0.7103E-03  0.8496E-05  0.4777E-15  0.4187E-07
      0.500      0.500     -3.550  0.5415E-05  0.4585E+00  0.5415E+00   4.000  1.0000  5.3997  0.5551E+02  0.4518E-04  0.1856E-09  0.9338E-03  0.6644E-02  0.8854E-10  0.6230E-04  0.1396E-03  0.6613E-03  0.6669E-02  0.1129E-03  0.2605E-05  0.1736E-07  0.1159E-05  0.3127E-09  0.2879E-01  0.1961E-01  0.2420E-02  0.9010E-02  0.4896E-09  0.8994E-02  0.1002E-01  0.6855E-03  0.2281E-08  0.3949E-07  0.8554E-02  0.1163E-02  0.8877E-08  0.1191E-03  0.1748E-02  0.3204E-08  0.1593E-04  0.9714E-07  0.3793E-04  0.7103E-03  0.8496E-05  0.4777E-15  0.4187E-07
      0.500      0.500     -3.650  0.5415E-05  0.4585E+00  0.5415E+00   4.000  1.0000  5.3997  0.5551E+02  0.4538E-04  0.1886E-09  0.9295E-03  0.6612E-02  0.8812E-10  0.6242E-04  0.1391E-03  0.6584E-03  0.6638E-02  0.1170E-03  0.2702E-05  0.1800E-07  0.1202E-05  0.3205E-09  0.2879E-01  0.1961E-01  0.2420E-02  0.9010E-02  0.4896E-09  0.8994E-02  0.1002E-01  0.6855E-03  0.2281E-08  0.3949E-07  0.8554E-02  0.1163E-02  0.8877E-08  0.1191E-03  0.1748E-02  0.3204E-08  0.1593E-04  0.9714E-07  0.3793E-04  0.7103E-03  0.8496E-05  0.4777E-15  0.4187E-07
      0.500      0.500     -3.750  0.5416E-05  0.4584E+00  0.5416E+00   4.000  1.0000  5.3997  0.5551E+02  0.4558E-04  0.1918E-09  0.9251E-03  0.6579E-02  0.8768E-10  0.6255E-04  0.1386E-03  0.6553E-03  0.6606E-02  0.1214E-03  0.2802E-05  0.1866E-07  0.1247E-05  0.3287E-09  0.2879E-01  0.1961E-01  0.2420E-02  0.9010E-02  0.4896E-09  0.8994E-02  0.1002E-01  0.6855E-03  0.2281E-08  0.3949E-07  0.8554E-02  0.1163E-02  0.8877E-08  0.1191E-03  0.1748E-02  0.3204E-08  0.1593E-04  0.9714E-07  0.3793E-04  0.7103E-03  0.8496E-05  0.4777E-15  0.4187E-07
      0.500      0.500     -3.850  0.5416E-05  0.4584E+00  0.5416E+00   4.000  1.0000  5.3997  0.5551E+02  0.4579E-04  0.1951E-09  0.9205E-03  0.6545E-02  0.8722E-10  0.6268E-04  0.1380E-03  0.6521E-03  0.6573E-02  0.1259E-03  0.2905E-05  0.1935E-07  0.1293E-05  0.3372E-09  0.2879E-01  0.1961E-01  0.2420E-02  0.9010E-02  0.4896E-09  0.8994E-02  0.1002E-01  0.6855E-03  0.2281E-08  0.3949E-07  0.8554E-02  0.1163E-02  0.8877E-08  0.1191E-03  0.1748E-02  0.3204E-08  0.1593E-04  0.9714E-07  0.3793E-04  0.7103E-03  0.8496E-05  0.4777E-15  0.4187E-07
      0.500      0.500     -3.950  0.5416E-05  0.4584E+00  0.5416E+00   4.000  1.0000  5.3997  0.5551E+02  0.4601E-04  0.1985E-09  0.9157E-03  0.6509E-02  0.8675E-10  0.6281E-04  0.1375E-03  0.6488E-03  0.6538E-02  0.1305E-03  0.3013E-05  0.2006E-07  0.1341E-05  0.3459E-09  0.2879E-01  0.1961E-01  0.2420E-02  0.9010E-02  0.4896E-09  0.8994E-02  0.1002E-01  0.6855E-03  0.2281E-08  0.3949E-07  0.8554E-02  0.1163E-02  0.8877E-08  0.1191E-03  0.1748E-02  0.3204E-08  0.1593E-04  0.9714E-07  0.3793E-04  0.7103E-03  0.8496E-05  0.4777E-15  0.4187E-07
      0.500      0.500     -4.050  0.5417E-05  0.4583E+00  0.5417E+00   4.000  1.0000  5.3997  0.5551E+02  0.4623E-04  0.2020E-09  0.9108E-03  0.6472E-02  0.8626E-10  0.6295E-04  0.1369E-03  0.6454E-03  0.6502E-02  0.1353E-03  0.3124E-05  0.2080E-07  0.1390E-05  0.3550E-09  0.2879E-01  0.1961E-01  0.2420E-02  0.9010E-02  0.4896E-09  0.8994E-02  0.1002E-01  0.6855E-03  0.2281E-08  0.3949E-07  0.8554E-02  0.1163E-02  0.8877E-08  0.1191E-03  0.1748E-02  0.3204E-08  0.1593E-04  0.9714E-07  0.3793E-04  0.7103E-03  0.8496E-05  0.4777E-15  0.4187E-07
      0.500      0.500     -4.150  0.5417E-05  0.4583E+00  0.5417E+00   4.000  1.0000  5.3997  0.5551E+02  0.4646E-04  0.2057E-09  0.9057E-03  0.6434E-02  0.8575E-10  0.6310E-04  0.1362E-03  0.6419E-03  0.6465E-02  0.1404E-03  0.3240E-05  0.2156E-07  0.1442E-05  0.3644E-09  0.2879E-01  0.1961E-01  0.2420E-02  0.9010E-02  0.4896E-09  0.8994E-02  0.1002E-01  0.6855E-03  0.2281E-08  0.3949E-07  0.8554E-02  0.1163E-02  0.8877E-08  0.1191E-03  0.1748E-02  0.3204E-08  0.1593E-04  0.9714E-07  0.3793E-04  0.7103E-03  0.8496E-05  0.4777E-15  0.4187E-07
      0.500      0.500     -4.250  0.5418E-05  0.4582E+00  0.5418E+00   4.000  1.0000  5.3997  0.5551E+02  0.4671E-04  0.2095E-09  0.9004E-03  0.6394E-02  0.8523E-10  0.6325E-04  0.1356E-03  0.6382E-03  0.6426E-02  0.1455E-03  0.3360E-05  0.2236E-07  0.1495E-05  0.3742E-09  0.2879E-01  0.1961E-01  0.2420E-02  0.9010E-02  0.4896E-09  0.8994E-02  0.1002E-01  0.6855E-03  0.2281E-08  0.3949E-07  0.8554E-02  0.1163E-02  0.8877E-08  0.1191E-03  0.1748E-02  0.3204E-08  0.1593E-04  0.9714E-07  0.3793E-04  0.7103E-03  0.8496E-05  0.4777E-15  0.4187E-07
      0.500      0.500     -4.350  0.5418E-05  0.4582E+00  0.5418E+00   4.000  1.0000  5.3997  0.5551E+02  0.4696E-04  0.2134E-09  0.8949E-03  0.6353E-02  0.8468E-10  0.6341E-04  0.1349E-03  0.6344E-03  0.6386E-02  0.1509E-03  0.3484E-05  0.2318E-07  0.1550E-05  0.3844E-09  0.2879E-01  0.1961E-01  0.2420E-02  0.9010E-02  0.4896E-09  0.8994E-02  0.1002E-01  0.6855E-03  0.2281E-08  0.3949E-07  0.8554E-02  0.1163E-02  0.8877E-08  0.1191E-03  0.1748E-02  0.3204E-08  0.1593E-04  0.9714E-07  0.3793E-04  0.7103E-03  0.8496E-05  0.4777E-15  0.4187E-07
      0.500      0.500     -4.450  0.5419E-05  0.4581E+00  0.5419E+00   4.000  1.0000  5.3997  0.5551E+02  0.4722E-04  0.2175E-09  0.8892E-03  0.6310E-02  0.8411E-10  0.6357E-04  0.1342E-03  0.6305E-03  0.6345E-02  0.1565E-03  0.3613E-05  0.2403E-07  0.1607E-05  0.3949E-09  0.2879E-01  0.1961E-01  0.2420E-02  0.9010E-02  0.4896E-09  0.8994E-02  0.1002E-01  0.6855E-03  0.2281E-08  0.3949E-07  0.8554E-02  0.1163E-02  0.8877E-08  0.1191E-03  0.1748E-02  0.3204E-08  0.1593E-04  0.9714E-07  0.3793E-04  0.7103E-03  0.8496E-05  0.4777E-15  0.4187E-07
      0.500      0.500     -4.550  0.5420E-05  0.4580E+00  0.5420E+00   4.000  1.0000  5.3997  0.5551E+02  0.4749E-04  0.2217E-09  0.8833E-03  0.6266E-02  0.8353E-10  0.6374E-04  0.1335E-03  0.6264E-03  0.6302E-02  0.1623E-03  0.3746E-05  0.2492E-07  0.1667E-05  0.4058E-09  0.2879E-01  0.1961E-01  0.2420E-02  0.9010E-02  0.4896E-09  0.8994E-02  0.1002E-01  0.6855E-03  0.2281E-08  0.3949E-07  0.8554E-02  0.1163E-02  0.8877E-08  0.1191E-03  0.1748E-02  0.3204E-08  0.1593E-04  0.9714E-07  0.3793E-04  0.7103E-03  0.8496E-05  0.4777E-15  0.4187E-07
      0.500      0.500     -4.650  0.5421E-05  0.4579E+00  0.5421E+00   4.000  1.0000  5.3997  0.5551E+02  0.4777E-04  0.2261E-09  0.8772E-03  0.6220E-02  0.8292E-10  0.6392E-04  0.1328E-03  0.6222E-03  0.6258E-02  0.1683E-03  0.3884E-05  0.2583E-07  0.1728E-05  0.4171E-09  0.2879E-01  0.1961E-01  0.2420E-02  0.9010E-02  0.4896E-09  0.8994E-02  0.1002E-01  0.6855E-03  0.2281E-08  0.3949E-07  0.8554E-02  0.1163E-02  0.8877E-08  0.1191E-03  0.1748E-02  0.3204E-08  0.1593E-04  0.9714E-07  0.3793E-04  0.7103E-03  0.8496E-05  0.4777E-15  0.4187E-07
      0.500      0.500     -4.750  0.5422E-05  0.4578E+00  0.5422E+00   4.000  1.0000  5.3997  0.5551E+02  0.4806E-04  0.2307E-09  0.8708E-03  0.6173E-02  0.8229E-10  0.6410E-04  0.1320E-03  0.6178E-03  0.6211E-02  0.1745E-03  0.4028E-05  0.2679E-07  0.1792E-05  0.4288E-09  0.2879E-01  0.1961E-01  0.2420E-02  0.9010E-02  0.4896E-09  0.8994E-02  0.1002E-01  0.6855E-03  0.2281E-08  0.3949E-07  0.8554E-02  0.1163E-02  0.8877E-08  0.1191E-03  0.1748E-02  0.3204E-08  0.1593E-04  0.9714E-07  0.3793E-04  0.7103E-03  0.8496E-05  0.4777E-15  0.4187E-07
      0.500      0.500     -4.850  0.5423E-05  0.4577E+00  0.5423E+00   4.000  1.0000  5.3997  0.5551E+02  0.4836E-04  0.2354E-09  0.8643E-03  0.6123E-02  0.8163E-10  0.6429E-04  0.1312E-03  0.6132E-03  0.6164E-02  0.1810E-03  0.4177E-05  0.2777E-07  0.1858E-05  0.4409E-09  0.2879E-01  0.1961E-01  0.2420E-02  0.9010E-02  0.4896E-09  0.8994E-02  0.1002E-01  0.6855E-03  0.2281E-08  0.3949E-07  0.8554E-02  0.1163E-02  0.8877E-08  0.1191E-03  0.1748E-02  0.3204E-08  0.1593E-04  0.9714E-07  0.3793E-04  0.7103E-03  0.8496E-05  0.4777E-15  0.4187E-07
      0.500      0.500     -4.950  0.5424E-05  0.4576E+00  0.5424E+00   4.000  1.0000  5.3997  0.5551E+02  0.4867E-04  0.2403E-09  0.8574E-03  0.6072E-02  0.8095E-10  0.6448E-04  0.1304E-03  0.6085E-03  0.6114E-02  0.1876E-03  0.4331E-05  0.2879E-07  0.1927E-05  0.4535E-09  0.2879E-01  0.1961E-01  0.2420E-02  0.9010E-02  0.4896E-09  0.8994E-02  0.1002E-01  0.6855E-03  0.2281E-08  0.3949E-07  0.8554E-02  0.1163E-02  0.8877E-08  0.1191E-03  0.1748E-02  0.3204E-08  0.1593E-04  0.9714E-07  0.3793E-04  0.7103E-03  0.8496E-05  0.4777E-15  0.4187E-07
      0.500      0.500     -5.050  0.5426E-05  0.4574E+00  0.5426E+00   4.000  1.0000  5.3997  0.5551E+02  0.4899E-04  0.2453E-09  0.8504E-03  0.6019E-02  0.8025E-10  0.6468E-04  0.1295E-03  0.6036E-03  0.6063E-02  0.1946E-03  0.4491E-05  0.2985E-07  0.1998E-05  0.4666E-09  0.2879E-01  0.1961E-01  0.2420E-02  0.9010E-02  0.4896E-09  0.8994E-02  0.1002E-01  0.6855E-03  0.2281E-08  0.3949E-07  0.8554E-02  0.1163E-02  0.8877E-08  0.1191E-03  0.1748E-02  0.3204E-08  0.1593E-04  0.9714E-07  0.3793E-04  0.7103E-03  0.8496E-05  0.4777E-15  0.4187E-07
      0.500      0.500     -5.150  0.5427E-05  0.4573E+00  0.5427E+00   4.000  1.0000  5.3997  0.5551E+02  0.4932E-04  0.2506E-09  0.8430E-03  0.5964E-02  0.7952E-10  0.6489E-04  0.1287E-03  0.5986E-03  0.6009E-02  0.2017E-03  0.4657E-05  0.3095E-07  0.2072E-05  0.4801E-09  0.2879E-01  0.1961E-01  0.2420E-02  0.9010E-02  0.4896E-09  0.8994E-02  0.1002E-01  0.6855E-03  0.2281E-08  0.3949E-07  0.8554E-02  0.1163E-02  0.8877E-08  0.1191E-03  0.1748E-02  0.3204E-08  0.1593E-04  0.9714E-07  0.3793E-04  0.7103E-03  0.8496E-05  0.4777E-15  0.4187E-07
      0.500      0.500     -5.250  0.5429E-05  0.4571E+00  0.5429E+00   4.000  1.0000  5.3997  0.5551E+02  0.4967E-04  0.2560E-09  0.8354E-03  0.5908E-02  0.7877E-10  0.6511E-04  0.1277E-03  0.5933E-03  0.5954E-02  0.2092E-03  0.4829E-05  0.3209E-07  0.2148E-05  0.4941E-09  0.2879E-01  0.1961E-01  0.2420E-02  0.9010E-02  0.4896E-09  0.8994E-02  0.1002E-01  0.6855E-03  0.2281E-08  0.3949E-07  0.8554E-02  0.1163E-02  0.8877E-08  0.1191E-03  0.1748E-02  0.3204E-08  0.1593E-04  0.9714E-07  0.3793E-04  0.7103E-03  0.8496E-05  0.4777E-15  0.4187E-07
      0.500      0.500     -5.350  0.5431E-05  0.4569E+00  0.5431E+00   4.000  1.0000  5.3997  0.5551E+02  0.5003E-04  0.2617E-09  0.8275E-03  0.5849E-02  0.7798E-10  0.6534E-04  0.1268E-03  0.5878E-03  0.5897E-02  0.2169E-03  0.5007E-05  0.3327E-07  0.2228E-05  0.5087E-09  0.2879E-01  0.1961E-01  0.2420E-02  0.9010E-02  0.4896E-09  0.8994E-02  0.1002E-01  0.6855E-03  0.2281E-08  0.3949E-07  0.8554E-02  0.1163E-02  0.8877E-08  0.1191E-03  0.1748E-02  0.3204E-08  0.1593E-04  0.9714E-07  0.3793E-04  0.7103E-03  0.8496E-05  0.4777E-15  0.4187E-07
      0.500      0.500     -5.450  0.5433E-05  0.4567E+00  0.5433E+00   4.000  1.0000  5.3997  0.5551E+02  0.5040E-04  0.2675E-09  0.8194E-03  0.5787E-02  0.7717E-10  0.6557E-04  0.1258E-03  0.5822E-03  0.5837E-02  0.2249E-03  0.5191E-05  0.3449E-07  0.2310E-05  0.5238E-09  0.2879E-01  0.1961E-01  0.2420E-02  0.9010E-02  0.4896E-09  0.8994E-02  0.1002E-01  0.6855E-03  0.2281E-08  0.3949E-07  0.8554E-02  0.1163E-02  0.8877E-08  0.1191E-03  0.1748E-02  0.3204E-08  0.1593E-04  0.9714E-07  0.3793E-04  0.7103E-03  0.8496E-05  0.4777E-15  0.4187E-07
      0.500      0.500     -5.550  0.5436E-05  0.4564E+00  0.5436E+00   4.000  1.0000  5.3997  0.5551E+02  0.5079E-04  0.2736E-09  0.8109E-03  0.5724E-02  0.7633E-10  0.6581E-04  0.1248E-03  0.5763E-03  0.5776E-02  0.2332E-03  0.5383E-05  0.3576E-07  0.2395E-05  0.5394E-09  0.2879E-01  0.1961E-01  0.2420E-02  0.9010E-02  0.4896E-09  0.8994E-02  0.1002E-01  0.6855E-03  0.2281E-08  0.3949E-07  0.8554E-02  0.1163E-02  0.8877E-08  0.1191E-03  0.1748E-02  0.3204E-08  0.1593E-04  0.9714E-07  0.3793E-04  0.7103E-03  0.8496E-05  0.4777E-15  0.4187E-07
      0.500      0.500     -5.650  0.5439E-05  0.4561E+00  0.5439E+00   4.000  1.0000  5.3997  0.5551E+02  0.5119E-04  0.2799E-09  0.8021E-03  0.5658E-02  0.7546E-10  0.6606E-04  0.1237E-03  0.5703E-03  0.5712E-02  0.2418E-03  0.5581E-05  0.3707E-07  0.2483E-05  0.5556E-09  0.2879E-01  0.1961E-01  0.2420E-02  0.9010E-02  0.4896E-09  0.8994E-02  0.1002E-01  0.6855E-03  0.2281E-08  0.3949E-07  0.8554E-02  0.1163E-02  0.8877E-08  0.1191E-03  0.1748E-02  0.3204E-08  0.1593E-04  0.9714E-07  0.3793E-04  0.7103E-03  0.8496E-05  0.4777E-15  0.4187E-07
      0.500      0.500     -5.750  0.5442E-05  0.4558E+00  0.5442E+00   4.000  1.0000  5.3997  0.5551E+02  0.5160E-04  0.2864E-09  0.7931E-03  0.5590E-02  0.7455E-10  0.6632E-04  0.1226E-03  0.5640E-03  0.5646E-02  0.2507E-03  0.5787E-05  0.3844E-07  0.2575E-05  0.5723E-09  0.2879E-01  0.1961E-01  0.2420E-02  0.9010E-02  0.4896E-09  0.8994E-02  0.1002E-01  0.6855E-03  0.2281E-08  0.3949E-07  0.8554E-02  0.1163E-02  0.8877E-08  0.1191E-03  0.1748E-02  0.3204E-08  0.1593E-04  0.9714E-07  0.3793E-04  0.7103E-03  0.8496E-05  0.4777E-15  0.4187E-07
      0.500      0.500     -5.850  0.5446E-05  0.4554E+00  0.5446E+00   4.000  1.0000  5.3997  0.5551E+02  0.5203E-04  0.2931E-09  0.7836E-03  0.5520E-02  0.7362E-10  0.6659E-04  0.1215E-03  0.5575E-03  0.5577E-02  0.2599E-03  0.5999E-05  0.3985E-07  0.2669E-05  0.5897E-09  0.2879E-01  0.1961E-01  0.2420E-02  0.9010E-02  0.4896E-09  0.8994E-02  0.1002E-01  0.6855E-03  0.2281E-08  0.3949E-07  0.8554E-02  0.1163E-02  0.8877E-08  0.1191E-03  0.1748E-02  0.3204E-08  0.1593E-04  0.9714E-07  0.3793E-04  0.7103E-03  0.8496E-05  0.4777E-15  0.4187E-07
      0.500      0.500     -5.950  0.5450E-05  0.4550E+00  0.5450E+00   4.000  1.0000  5.3997  0.5551E+02  0.5248E-04  0.3001E-09  0.7739E-03  0.5447E-02  0.7265E-10  0.6687E-04  0.1203E-03  0.5507E-03  0.5506E-02  0.2695E-03  0.6220E-05  0.4131E-07  0.2768E-05  0.6077E-09  0.2879E-01  0.1961E-01  0.2420E-02  0.9010E-02  0.4896E-09  0.8994E-02  0.1002E-01  0.6855E-03  0.2281E-08  0.3949E-07  0.8554E-02  0.1163E-02  0.8877E-08  0.1191E-03  0.1748E-02  0.3204E-08  0.1593E-04  0.9714E-07  0.3793E-04  0.7103E-03  0.8496E-05  0.4777E-15  0.4187E-07
      0.500      0.500     -6.050  0.5455E-05  0.4545E+00  0.5455E+00   4.000  1.0000  5.3997  0.5551E+02  0.5294E-04  0.3074E-09  0.7638E-03  0.5371E-02  0.7164E-10  0.6716E-04  0.1191E-03  0.5437E-03  0.5433E-02  0.2794E-03  0.6449E-05  0.4282E-07  0.2869E-05  0.6264E-09  0.2879E-01  0.1961E-01  0.2420E-02  0.9010E-02  0.4896E-09  0.8994E-02  0.1002E-01  0.6855E-03  0.2281E-08  0.3949E-07  0.8554E-02  0.1163E-02  0.8877E-08  0.1191E-03  0.1748E-02  0.3204E-08  0.1593E-04  0.9714E-07  0.3793E-04  0.7103E-03  0.8496E-05  0.4777E-15  0.4187E-07
      0.500      0.500     -6.150  0.5460E-05  0.4540E+00  0.5460E+00   4.000  1.0000  5.3997  0.5551E+02  0.5342E-04  0.3149E-09  0.7533E-03  0.5293E-02  0.7060E-10  0.6746E-04  0.1178E-03  0.5365E-03  0.5357E-02  0.2896E-03  0.6685E-05  0.4439E-07  0.2975E-05  0.6457E-09  0.2879E-01  0.1961E-01  0.2420E-02  0.9010E-02  0.4896E-09  0.8994E-02  0.1002E-01  0.6855E-03  0.2281E-08  0.3949E-07  0.8554E-02  0.1163E-02  0.8877E-08  0.1191E-03  0.1748E-02  0.3204E-08  0.1593E-04  0.9714E-07  0.3793E-04  0.7103E-03  0.8496E-05  0.4777E-15  0.4187E-07
      0.500      0.500     -6.250  0.5466E-05  0.4534E+00  0.5466E+00   4.000  1.0000  5.3997  0.5551E+02  0.5391E-04  0.3226E-09  0.7425E-03  0.5211E-02  0.6952E-10  0.6777E-04  0.1165E-03  0.5290E-03  0.5278E-02  0.3002E-03  0.6930E-05  0.4601E-07  0.3084E-05  0.6657E-09  0.2879E-01  0.1961E-01  0.2420E-02  0.9010E-02  0.4896E-09  0.8994E-02  0.1002E-01  0.6855E-03  0.2281E-08  0.3949E-07  0.8554E-02  0.1163E-02  0.8877E-08  0.1191E-03  0.1748E-02  0.3204E-08  0.1593E-04  0.9714E-07  0.3793E-04  0.7103E-03  0.8496E-05  0.4777E-15  0.4187E-07
      0.500      0.500     -6.350  0.5472E-05  0.4528E+00  0.5472E+00   4.000  1.0000  5.3997  0.5551E+02  0.5442E-04  0.3307E-09  0.7312E-03  0.5127E-02  0.6841E-10  0.6809E-04  0.1151E-03  0.5212E-03  0.5196E-02  0.3112E-03  0.7184E-05  0.4770E-07  0.3197E-05  0.6864E-09  0.2879E-01  0.1961E-01  0.2420E-02  0.9010E-02  0.4896E-09  0.8994E-02  0.1002E-01  0.6855E-03  0.2281E-08  0.3949E-07  0.8554E-02  0.1163E-02  0.8877E-08  0.1191E-03  0.1748E-02  0.3204E-08  0.1593E-04  0.9714E-07  0.3793E-04  0.7103E-03  0.8496E-05  0.4777E-15  0.4187E-07
      0.500      0.500     -6.450  0.5480E-05  0.4520E+00  0.5480E+00   4.000  1.0000  5.3997  0.5551E+02  0.5495E-04  0.3390E-09  0.7196E-03  0.5040E-02  0.6725E-10  0.6842E-04  0.1137E-03  0.5132E-03  0.5112E-02  0.3226E-03  0.7447E-05  0.4944E-07  0.3314E-05  0.7079E-09  0.2879E-01  0.1961E-01  0.2420E-02  0.9010E-02  0.4896E-09  0.8994E-02  0.1002E-01  0.6855E-03  0.2281E-08  0.3949E-07  0.8554E-02  0.1163E-02  0.8877E-08  0.1191E-03  0.1748E-02  0.3204E-08  0.1593E-04  0.9714E-07  0.3793E-04  0.7103E-03  0.8496E-05  0.4777E-15  0.4187E-07
      0.500      0.500     -6.550  0.5488E-05  0.4512E+00  0.5488E+00   4.000  1.0000  5.3997  0.5551E+02  0.5550E-04  0.3476E-09  0.7076E-03  0.4950E-02  0.6606E-10  0.6877E-04  0.1122E-03  0.5049E-03  0.5024E-02  0.3344E-03  0.7719E-05  0.5124E-07  0.3435E-05  0.7301E-09  0.2879E-01  0.1961E-01  0.2420E-02  0.9010E-02  0.4896E-09  0.8994E-02  0.1002E-01  0.6855E-03  0.2281E-08  0.3949E-07  0.8554E-02  0.1163E-02  0.8877E-08  0.1191E-03  0.1748E-02  0.3204E-08  0.1593E-04  0.9714E-07  0.3793E-04  0.7103E-03  0.8496E-05  0.4777E-15  0.4187E-07
      0.500      0.500     -6.650  0.5497E-05  0.4503E+00  0.5497E+00   4.000  1.0000  5.3997  0.5551E+02  0.5607E-04  0.3566E-09  0.6951E-03  0.4857E-02  0.6482E-10  0.6912E-04  0.1107E-03  0.4963E-03  0.4934E-02  0.3466E-03  0.8001E-05  0.5310E-07  0.3560E-05  0.7531E-09  0.2879E-01  0.1961E-01  0.2420E-02  0.9010E-02  0.4896E-09  0.8994E-02  0.1002E-01  0.6855E-03  0.2281E-08  0.3949E-07  0.8554E-02  0.1163E-02  0.8877E-08  0.1191E-03  0.1748E-02  0.3204E-08  0.1593E-04  0.9714E-07  0.3793E-04  0.7103E-03  0.8496E-05  0.4777E-15  0.4187E-07
      0.500      0.500     -6.750  0.5508E-05  0.4492E+00  0.5508E+00   4.000  1.0000  5.3997  0.5551E+02  0.5666E-04  0.3658E-09  0.6822E-03  0.4760E-02  0.6354E-10  0.6949E-04  0.1092E-03  0.4874E-03  0.4840E-02  0.3592E-03  0.8292E-05  0.5503E-07  0.3689E-05  0.7768E-09  0.2879E-01  0.1961E-01  0.2420E-02  0.9010E-02  0.4896E-09  0.8994E-02  0.1002E-01  0.6855E-03  0.2281E-08  0.3949E-07  0.8554E-02  0.1163E-02  0.8877E-08  0.1191E-03  0.1748E-02  0.3204E-08  0.1593E-04  0.9714E-07  0.3793E-04  0.7103E-03  0.8496E-05  0.4777E-15  0.4187E-07
      0.500      0.500     -6.850  0.5520E-05  0.4480E+00  0.5520E+00   4.000  1.0000  5.3997  0.5551E+02  0.5727E-04  0.3753E-09  0.6689E-03  0.4661E-02  0.6221E-10  0.6987E-04  0.1076E-03  0.4781E-03  0.4743E-02  0.3723E-03  0.8593E-05  0.5703E-07  0.3823E-05  0.8014E-09  0.2879E-01  0.1961E-01  0.2420E-02  0.9010E-02  0.4896E-09  0.8994E-02  0.1002E-01  0.6855E-03  0.2281E-08  0.3949E-07  0.8554E-02  0.1163E-02  0.8877E-08  0.1191E-03  0.1748E-02  0.3204E-08  0.1593E-04  0.9714E-07  0.3793E-04  0.7103E-03  0.8496E-05  0.4777E-15  0.4187E-07
      0.500      0.500     -6.950  0.5533E-05  0.4467E+00  0.5533E+00   4.000  1.0000  5.3997  0.5551E+02  0.5789E-04  0.3852E-09  0.6551E-03  0.4557E-02  0.6084E-10  0.7027E-04  0.1059E-03  0.4686E-03  0.4643E-02  0.3858E-03  0.8905E-05  0.5909E-07  0.3962E-05  0.8269E-09  0.2879E-01  0.1961E-01  0.2420E-02  0.9010E-02  0.4896E-09  0.8994E-02  0.1002E-01  0.6855E-03  0.2281E-08  0.3949E-07  0.8554E-02  0.1163E-02  0.8877E-08  0.1191E-03  0.1748E-02  0.3204E-08  0.1593E-04  0.9714E-07  0.3793E-04  0.7103E-03  0.8496E-05  0.4777E-15  0.4187E-07
      0.500      0.500     -7.050  0.5548E-05  0.4452E+00  0.5548E+00   4.000  1.0000  5.3997  0.5551E+02  0.5854E-04  0.3954E-09  0.6409E-03  0.4451E-02  0.5943E-10  0.7068E-04  0.1042E-03  0.4588E-03  0.4539E-02  0.3997E-03  0.9226E-05  0.6123E-07  0.4105E-05  0.8531E-09  0.2879E-01  0.1961E-01  0.2420E-02  0.9010E-02  0.4896E-09  0.8994E-02  0.1002E-01  0.6855E-03  0.2281E-08  0.3949E-07  0.8554E-02  0.1163E-02  0.8877E-08  0.1191E-03  0.1748E-02  0.3204E-08  0.1593E-04  0.9714E-07  0.3793E-04  0.7103E-03  0.8496E-05  0.4777E-15  0.4187E-07
      0.500      0.500     -7.150  0.5564E-05  0.4436E+00  0.5564E+00   4.000  1.0000  5.3997  0.5551E+02  0.5922E-04  0.4060E-09  0.6262E-03  0.4341E-02  0.5796E-10  0.7110E-04  0.1024E-03  0.4486E-03  0.4432E-02  0.4141E-03  0.9559E-05  0.6343E-07  0.4253E-05  0.8803E-09  0.2879E-01  0.1961E-01  0.2420E-02  0.9010E-02  0.4896E-09  0.8994E-02  0.1002E-01  0.6855E-03  0.2281E-08  0.3949E-07  0.8554E-02  0.1163E-02  0.8877E-08  0.1191E-03  0.1748E-02  0.3204E-08  0.1593E-04  0.9714E-07  0.3793E-04  0.7103E-03  0.8496E-05  0.4777E-15  0.4187E-07
      0.500      0.500     -7.250  0.5583E-05  0.4417E+00  0.5583E+00   4.000  1.0000  5.3997  0.5551E+02  0.5991E-04  0.4168E-09  0.6110E-03  0.4227E-02  0.5645E-10  0.7153E-04  0.1006E-03  0.4381E-03  0.4322E-02  0.4290E-03  0.9903E-05  0.6571E-07  0.4406E-05  0.9083E-09  0.2879E-01  0.1961E-01  0.2420E-02  0.9010E-02  0.4896E-09  0.8994E-02  0.1002E-01  0.6855E-03  0.2281E-08  0.3949E-07  0.8554E-02  0.1163E-02  0.8877E-08  0.1191E-03  0.1748E-02  0.3204E-08  0.1593E-04  0.9714E-07  0.3793E-04  0.7103E-03  0.8496E-05  0.4777E-15  0.4187E-07
      0.500      0.500     -7.350  0.5604E-05  0.4396E+00  0.5604E+00   4.000  1.0000  5.3997  0.5551E+02  0.6062E-04  0.4281E-09  0.5953E-03  0.4109E-02  0.5489E-10  0.7198E-04  0.9865E-04  0.4272E-03  0.4208E-02  0.4444E-03  0.1026E-04  0.6805E-07  0.4564E-05  0.9373E-09  0.2879E-01  0.1961E-01  0.2420E-02  0.9010E-02  0.4896E-09  0.8994E-02  0.1002E-01  0.6855E-03  0.2281E-08  0.3949E-07  0.8554E-02  0.1163E-02  0.8877E-08  0.1191E-03  0.1748E-02  0.3204E-08  0.1593E-04  0.9714E-07  0.3793E-04  0.7103E-03  0.8496E-05  0.4777E-15  0.4187E-07
      0.500      0.500     -7.450  0.5627E-05  0.4373E+00  0.5627E+00   4.000  1.0000  5.3997  0.5551E+02  0.6136E-04  0.4397E-09  0.5791E-03  0.3988E-02  0.5328E-10  0.7244E-04  0.9669E-04  0.4160E-03  0.4090E-02  0.4602E-03  0.1062E-04  0.7048E-07  0.4727E-05  0.9672E-09  0.2879E-01  0.1961E-01  0.2420E-02  0.9010E-02  0.4896E-09  0.8994E-02  0.1002E-01  0.6855E-03  0.2281E-08  0.3949E-07  0.8554E-02  0.1163E-02  0.8877E-08  0.1191E-03  0.1748E-02  0.3204E-08  0.1593E-04  0.9714E-07  0.3793E-04  0.7103E-03  0.8496E-05  0.4777E-15  0.4187E-07
      0.500      0.500     -7.550  0.5653E-05  0.4347E+00  0.5653E+00   4.000  1.0000  5.3997  0.5551E+02  0.6212E-04  0.4516E-09  0.5624E-03  0.3863E-02  0.5162E-10  0.7292E-04  0.9467E-04  0.4045E-03  0.3969E-02  0.4766E-03  0.1100E-04  0.7298E-07  0.4895E-05  0.9980E-09  0.2879E-01  0.1961E-01  0.2420E-02  0.9010E-02  0.4896E-09  0.8994E-02  0.1002E-01  0.6855E-03  0.2281E-08  0.3949E-07  0.8554E-02  0.1163E-02  0.8877E-08  0.1191E-03  0.1748E-02  0.3204E-08  0.1593E-04  0.9714E-07  0.3793E-04  0.7103E-03  0.8496E-05  0.4777E-15  0.4187E-07
      0.500      0.500     -7.650  0.5683E-05  0.4317E+00  0.5683E+00   4.000  1.0000  5.3997  0.5551E+02  0.6291E-04  0.4640E-09  0.5452E-03  0.3734E-02  0.4992E-10  0.7341E-04  0.9259E-04  0.3926E-03  0.3844E-02  0.4934E-03  0.1139E-04  0.7555E-07  0.5068E-05  0.1030E-08  0.2879E-01  0.1961E-01  0.2420E-02  0.9010E-02  0.4896E-09  0.8994E-02  0.1002E-01  0.6855E-03  0.2281E-08  0.3949E-07  0.8554E-02  0.1163E-02  0.8877E-08  0.1191E-03  0.1748E-02  0.3204E-08  0.1593E-04  0.9714E-07  0.3793E-04  0.7103E-03  0.8496E-05  0.4777E-15  0.4187E-07
      0.500      0.500     -7.750  0.5716E-05  0.4284E+00  0.5716E+00   4.000  1.0000  5.3997  0.5551E+02  0.6372E-04  0.4766E-09  0.5275E-03  0.3602E-02  0.4815E-10  0.7392E-04  0.9044E-04  0.3804E-03  0.3715E-02  0.5108E-03  0.1179E-04  0.7821E-07  0.5246E-05  0.1062E-08  0.2879E-01  0.1961E-01  0.2420E-02  0.9010E-02  0.4896E-09  0.8994E-02  0.1002E-01  0.6855E-03  0.2281E-08  0.3949E-07  0.8554E-02  0.1163E-02  0.8877E-08  0.1191E-03  0.1748E-02  0.3204E-08  0.1593E-04  0.9714E-07  0.3793E-04  0.7103E-03  0.8496E-05  0.4777E-15  0.4187E-07
      0.500      0.500     -7.850  0.5752E-05  0.4248E+00  0.5752E+00   4.000  1.0000  5.3997  0.5551E+02  0.6455E-04  0.4897E-09  0.5093E-03  0.3465E-02  0.4634E-10  0.7444E-04  0.8824E-04  0.3678E-03  0.3582E-02  0.5286E-03  0.1220E-04  0.8093E-07  0.5429E-05  0.1096E-08  0.2879E-01  0.1961E-01  0.2420E-02  0.9010E-02  0.4896E-09  0.8994E-02  0.1002E-01  0.6855E-03  0.2281E-08  0.3949E-07  0.8554E-02  0.1163E-02  0.8877E-08  0.1191E-03  0.1748E-02  0.3204E-08  0.1593E-04  0.9714E-07  0.3793E-04  0.7103E-03  0.8496E-05  0.4777E-15  0.4187E-07
      0.500      0.500     -7.950  0.5793E-05  0.4207E+00  0.5793E+00   4.000  1.0000  5.3997  0.5551E+02  0.6540E-04  0.5031E-09  0.4906E-03  0.3325E-02  0.4448E-10  0.7498E-04  0.8597E-04  0.3548E-03  0.3446E-02  0.5470E-03  0.1262E-04  0.8374E-07  0.5617E-05  0.1131E-08  0.2879E-01  0.1961E-01  0.2420E-02  0.9010E-02  0.4896E-09  0.8994E-02  0.1002E-01  0.6855E-03  0.2281E-08  0.3949E-07  0.8554E-02  0.1163E-02  0.8877E-08  0.1191E-03  0.1748E-02  0.3204E-08  0.1593E-04  0.9714E-07  0.3793E-04  0.7103E-03  0.8496E-05  0.4777E-15  0.4187E-07
      0.500      0.500     -8.050  0.5839E-05  0.4161E+00  0.5839E+00   4.000  1.0000  5.3997  0.5551E+02  0.6628E-04  0.5169E-09  0.4713E-03  0.3181E-02  0.4257E-10  0.7553E-04  0.8364E-04  0.3415E-03  0.3306E-02  0.5658E-03  0.1306E-04  0.8662E-07  0.5811E-05  0.1166E-08  0.2879E-01  0.1961E-01  0.2420E-02  0.9010E-02  0.4896E-09  0.8994E-02  0.1002E-01  0.6855E-03  0.2281E-08  0.3949E-07  0.8554E-02  0.1163E-02  0.8877E-08  0.1191E-03  0.1748E-02  0.3204E-08  0.1593E-04  0.9714E-07  0.3793E-04  0.7103E-03  0.8496E-05  0.4777E-15  0.4187E-07
      0.500      0.500     -8.150  0.5891E-05  0.4109E+00  0.5891E+00   4.000  1.0000  5.3997  0.5551E+02  0.6718E-04  0.5310E-09  0.4516E-03  0.3033E-02  0.4061E-10  0.7609E-04  0.8125E-04  0.3279E-03  0.3163E-02  0.5851E-03  0.1351E-04  0.8958E-07  0.6009E-05  0.1202E-08  0.2879E-01  0.1961E-01  0.2420E-02  0.9010E-02  0.4896E-09  0.8994E-02  0.1002E-01  0.6855E-03  0.2281E-08  0.3949E-07  0.8554E-02  0.1163E-02  0.8877E-08  0.1191E-03  0.1748E-02  0.3204E-08  0.1593E-04  0.9714E-07  0.3793E-04  0.7103E-03  0.8496E-05  0.4777E-15  0.4187E-07
      0.500      0.500     -8.250  0.5949E-05  0.4051E+00  0.5949E+00   4.000  1.0000  5.3997  0.5551E+02  0.6810E-04  0.5455E-09  0.4314E-03  0.2882E-02  0.3860E-10  0.7667E-04  0.7880E-04  0.3139E-03  0.3016E-02  0.6049E-03  0.1396E-04  0.9260E-07  0.6213E-05  0.1240E-08  0.2879E-01  0.1961E-01  0.2420E-02  0.9010E-02  0.4896E-09  0.8994E-02  0.1002E-01  0.6855E-03  0.2281E-08  0.3949E-07  0.8554E-02  0.1163E-02  0.8877E-08  0.1191E-03  0.1748E-02  0.3204E-08  0.1593E-04  0.9714E-07  0.3793E-04  0.7103E-03  0.8496E-05  0.4777E-15  0.4187E-07
      0.500      0.500     -8.350  0.6013E-05  0.3987E+00  0.6013E+00   4.000  1.0000  5.3997  0.5551E+02  0.6905E-04  0.5603E-09  0.4107E-03  0.2727E-02  0.3654E-10  0.7726E-04  0.7630E-04  0.2996E-03  0.2865E-02  0.6252E-03  0.1443E-04  0.9570E-07  0.6421E-05  0.1278E-08  0.2879E-01  0.1961E-01  0.2420E-02  0.9010E-02  0.4896E-09  0.8994E-02  0.1002E-01  0.6855E-03  0.2281E-08  0.3949E-07  0.8554E-02  0.1163E-02  0.8877E-08  0.1191E-03  0.1748E-02  0.3204E-08  0.1593E-04  0.9714E-07  0.3793E-04  0.7103E-03  0.8496E-05  0.4777E-15  0.4187E-07
      0.500      0.500     -8.450  0.6085E-05  0.3915E+00  0.6085E+00   4.000  1.0000  5.3997  0.5551E+02  0.7001E-04  0.5755E-09  0.3896E-03  0.2569E-02  0.3444E-10  0.7787E-04  0.7374E-04  0.2850E-03  0.2712E-02  0.6459E-03  0.1491E-04  0.9887E-07  0.6633E-05  0.1317E-08  0.2879E-01  0.1961E-01  0.2420E-02  0.9010E-02  0.4896E-09  0.8994E-02  0.1002E-01  0.6855E-03  0.2281E-08  0.3949E-07  0.8554E-02  0.1163E-02  0.8877E-08  0.1191E-03  0.1748E-02  0.3204E-08  0.1593E-04  0.9714E-07  0.3793E-04  0.7103E-03  0.8496E-05  0.4777E-15  0.4187E-07
      0.500      0.500     -8.550  0.6167E-05  0.3833E+00  0.6167E+00   4.000  1.0000  5.3997  0.5551E+02  0.7099E-04  0.5909E-09  0.3680E-03  0.2407E-02  0.3230E-10  0.7848E-04  0.7112E-04  0.2700E-03  0.2555E-02  0.6670E-03  0.1540E-04  0.1021E-06  0.6850E-05  0.1357E-08  0.2879E-01  0.1961E-01  0.2420E-02  0.9010E-02  0.4896E-09  0.8994E-02  0.1002E-01  0.6855E-03  0.2281E-08  0.3949E-07  0.8554E-02  0.1163E-02  0.8877E-08  0.1191E-03  0.1748E-02  0.3204E-08  0.1593E-04  0.9714E-07  0.3793E-04  0.7103E-03  0.8496E-05  0.4777E-15  0.4187E-07
      0.500      0.500     -8.650  0.6258E-05  0.3742E+00  0.6258E+00   4.000  1.0000  5.3997  0.5551E+02  0.7199E-04  0.6067E-09  0.3461E-03  0.2243E-02  0.3011E-10  0.7911E-04  0.6846E-04  0.2549E-03  0.2395E-02  0.6885E-03  0.1589E-04  0.1054E-06  0.7071E-05  0.1397E-08  0.2879E-01  0.1961E-01  0.2420E-02  0.9010E-02  0.4896E-09  0.8994E-02  0.1002E-01  0.6855E-03  0.2281E-08  0.3949E-07  0.8554E-02  0.1163E-02  0.8877E-08  0.1191E-03  0.1748E-02  0.3204E-08  0.1593E-04  0.9714E-07  0.3793E-04  0.7103E-03  0.8496E-05  0.4777E-15  0.4187E-07
      0.500      0.500     -8.750  0.6361E-05  0.3639E+00  0.6361E+00   4.000  1.0000  5.3997  0.5551E+02  0.7301E-04  0.6227E-09  0.3237E-03  0.2075E-02  0.2789E-10  0.7975E-04  0.6576E-04  0.2394E-03  0.2233E-02  0.7104E-03  0.1640E-04  0.1087E-06  0.7296E-05  0.1438E-08  0.2879E-01  0.1961E-01  0.2420E-02  0.9010E-02  0.4896E-09  0.8994E-02  0.1002E-01  0.6855E-03  0.2281E-08  0.3949E-07  0.8554E-02  0.1163E-02  0.8877E-08  0.1191E-03  0.1748E-02  0.3204E-08  0.1593E-04  0.9714E-07  0.3793E-04  0.7103E-03  0.8496E-05  0.4777E-15  0.4187E-07
      0.500      0.500     -8.850  0.6478E-05  0.3522E+00  0.6478E+00   4.000  1.0000  5.3997  0.5551E+02  0.7405E-04  0.6389E-09  0.3011E-03  0.1906E-02  0.2564E-10  0.8040E-04  0.6302E-04  0.2238E-03  0.2068E-02  0.7325E-03  0.1691E-04  0.1121E-06  0.7523E-05  0.1480E-08  0.2879E-01  0.1961E-01  0.2420E-02  0.9010E-02  0.4896E-09  0.8994E-02  0.1002E-01  0.6855E-03  0.2281E-08  0.3949E-07  0.8554E-02  0.1163E-02  0.8877E-08  0.1191E-03  0.1748E-02  0.3204E-08  0.1593E-04  0.9714E-07  0.3793E-04  0.7103E-03  0.8496E-05  0.4777E-15  0.4187E-07
      0.500      0.500     -8.950  0.6610E-05  0.3390E+00  0.6610E+00   4.000  1.0000  5.3997  0.5551E+02  0.7509E-04  0.6553E-09  0.2782E-03  0.1735E-02  0.2337E-10  0.8105E-04  0.6025E-04  0.2079E-03  0.1902E-02  0.7550E-03  0.1743E-04  0.1155E-06  0.7754E-05  0.1522E-08  0.2879E-01  0.1961E-01  0.2420E-02  0.9010E-02  0.4896E-09  0.8994E-02  0.1002E-01  0.6855E-03  0.2281E-08  0.3949E-07  0.8554E-02  0.1163E-02  0.8877E-08  0.1191E-03  0.1748E-02  0.3204E-08  0.1593E-04  0.9714E-07  0.3793E-04  0.7103E-03  0.8496E-05  0.4777E-15  0.4187E-07
      0.500      0.500     -9.050  0.6761E-05  0.3239E+00  0.6761E+00   4.000  1.0000  5.3997  0.5551E+02  0.7614E-04  0.6718E-09  0.2551E-03  0.1562E-02  0.2107E-10  0.8171E-04  0.5745E-04  0.1920E-03  0.1734E-02  0.7776E-03  0.1795E-04  0.1190E-06  0.7986E-05  0.1565E-08  0.2879E-01  0.1961E-01  0.2420E-02  0.9010E-02  0.4896E-09  0.8994E-02  0.1002E-01  0.6855E-03  0.2281E-08  0.3949E-07  0.8554E-02  0.1163E-02  0.8877E-08  0.1191E-03  0.1748E-02  0.3204E-08  0.1593E-04  0.9714E-07  0.3793E-04  0.7103E-03  0.8496E-05  0.4777E-15  0.4187E-07
      0.500      0.500     -9.150  0.6935E-05  0.3065E+00  0.6935E+00   4.000  1.0000  5.3997  0.5551E+02  0.7720E-04  0.6885E-09  0.2319E-03  0.1388E-02  0.1876E-10  0.8238E-04  0.5464E-04  0.1759E-03  0.1565E-02  0.8003E-03  0.1847E-04  0.1225E-06  0.8220E-05  0.1608E-08  0.2879E-01  0.1961E-01  0.2420E-02  0.9010E-02  0.4896E-09  0.8994E-02  0.1002E-01  0.6855E-03  0.2281E-08  0.3949E-07  0.8554E-02  0.1163E-02  0.8877E-08  0.1191E-03  0.1748E-02  0.3204E-08  0.1593E-04  0.9714E-07  0.3793E-04  0.7103E-03  0.8496E-05  0.4777E-15  0.4187E-07
      0.500      0.500     -9.250  0.7137E-05  0.2863E+00  0.7137E+00   4.000  1.0000  5.3997  0.5551E+02  0.7826E-04  0.7052E-09  0.2086E-03  0.1213E-02  0.1645E-10  0.8304E-04  0.5182E-04  0.1598E-03  0.1396E-02  0.8231E-03  0.1900E-04  0.1260E-06  0.8454E-05  0.1651E-08  0.2879E-01  0.1961E-01  0.2420E-02  0.9010E-02  0.4896E-09  0.8994E-02  0.1002E-01  0.6855E-03  0.2281E-08  0.3949E-07  0.8554E-02  0.1163E-02  0.8877E-08  0.1191E-03  0.1748E-02  0.3204E-08  0.1593E-04  0.9714E-07  0.3793E-04  0.7103E-03  0.8496E-05  0.4777E-15  0.4187E-07
      0.500      0.500     -9.350  0.7372E-05  0.2628E+00  0.7372E+00   4.000  1.0000  5.3997  0.5551E+02  0.7932E-04  0.7218E-09  0.1854E-03  0.1040E-02  0.1414E-10  0.8371E-04  0.4901E-04  0.1437E-03  0.1227E-02  0.8459E-03  0.1952E-04  0.1294E-06  0.8687E-05  0.1694E-08  0.2879E-01  0.1961E-01  0.2420E-02  0.9010E-02  0.4896E-09  0.8994E-02  0.1002E-01  0.6855E-03  0.2281E-08  0.3949E-07  0.8554E-02  0.1163E-02  0.8877E-08  0.1191E-03  0.1748E-02  0.3204E-08  0.1593E-04  0.9714E-07  0.3793E-04  0.7103E-03  0.8496E-05  0.4777E-15  0.4187E-07
      0.500      0.500     -9.450  0.7651E-05  0.2349E+00  0.7651E+00   4.000  1.0000  5.3997  0.5551E+02  0.8037E-04  0.7383E-09  0.1624E-03  0.8670E-03  0.1185E-10  0.8437E-04  0.4622E-04  0.1278E-03  0.1060E-02  0.8684E-03  0.2005E-04  0.1329E-06  0.8919E-05  0.1736E-08  0.2879E-01  0.1961E-01  0.2420E-02  0.9010E-02  0.4896E-09  0.8994E-02  0.1002E-01  0.6855E-03  0.2281E-08  0.3949E-07  0.8554E-02  0.1163E-02  0.8877E-08  0.1191E-03  0.1748E-02  0.3204E-08  0.1593E-04  0.9714E-07  0.3793E-04  0.7103E-03  0.8496E-05  0.4777E-15  0.4187E-07
      0.500      0.500     -9.550  0.7985E-05  0.2015E+00  0.7985E+00   4.000  1.0000  5.3997  0.5551E+02  0.8141E-04  0.7546E-09  0.1396E-03  0.6968E-03  0.9591E-11  0.8502E-04  0.4346E-04  0.1121E-03  0.8943E-03  0.8907E-03  0.2056E-04  0.1363E-06  0.9148E-05  0.1778E-08  0.2879E-01  0.1961E-01  0.2420E-02  0.9010E-02  0.4896E-09  0.8994E-02  0.1002E-01  0.6855E-03  0.2281E-08  0.3949E-07  0.8554E-02  0.1163E-02  0.8877E-08  0.1191E-03  0.1748E-02  0.3204E-08  0.1593E-04  0.9714E-07  0.3793E-04  0.7103E-03  0.8496E-05  0.4777E-15  0.4187E-07
      0.500      0.500     -9.650  0.8392E-05  0.1608E+00  0.8392E+00   4.000  1.0000  5.3997  0.5551E+02  0.8243E-04  0.7705E-09  0.1174E-03  0.5301E-03  0.7378E-11  0.8565E-04  0.4077E-04  0.9670E-04  0.7324E-03  0.9125E-03  0.2106E-04  0.1396E-06  0.9371E-05  0.1819E-08  0.2879E-01  0.1961E-01  0.2420E-02  0.9010E-02  0.4896E-09  0.8994E-02  0.1002E-01  0.6855E-03  0.2281E-08  0.3949E-07  0.8554E-02  0.1163E-02  0.8877E-08  0.1191E-03  0.1748E-02  0.3204E-08  0.1593E-04  0.9714E-07  0.3793E-04  0.7103E-03  0.8496E-05  0.4777E-15  0.4187E-07
      0.500      0.500     -9.750  0.8888E-05  0.1112E+00  0.8888E+00   4.000  1.0000  5.3997  0.5551E+02  0.8341E-04  0.7860E-09  0.9576E-04  0.3682E-03  0.5229E-11  0.8627E-04  0.3815E-04  0.8175E-04  0.5752E-03  0.9337E-03  0.2155E-04  0.1429E-06  0.9589E-05  0.1859E-08  0.2879E-01  0.1961E-01  0.2420E-02  0.9010E-02  0.4896E-09  0.8994E-02  0.1002E-01  0.6855E-03  0.2281E-08  0.3949E-07  0.8554E-02  0.1163E-02  0.8877E-08  0.1191E-03  0.1748E-02  0.3204E-08  0.1593E-04  0.9714E-07  0.3793E-04  0.7103E-03  0.8496E-05  0.4777E-15  0.4187E-07
      0.500      0.500     -9.850  0.9476E-05  0.5243E-01  0.9476E+00   4.000  1.0000  5.3997  0.5551E+02  0.8436E-04  0.8009E-09  0.7494E-04  0.2123E-03  0.3159E-11  0.8687E-04  0.3563E-04  0.6736E-04  0.4238E-03  0.9540E-03  0.2202E-04  0.1460E-06  0.9798E-05  0.1898E-08  0.2879E-01  0.1961E-01  0.2420E-02  0.9010E-02  0.4896E-09  0.8994E-02  0.1002E-01  0.6855E-03  0.2281E-08  0.3949E-07  0.8554E-02  0.1163E-02  0.8877E-08  0.1191E-03  0.1748E-02  0.3204E-08  0.1593E-04  0.9714E-07  0.3793E-04  0.7103E-03  0.8496E-05  0.4777E-15  0.4187E-07
      0.500      0.500     -9.950  0.1000E+01  0.0000E+00  0.1000E+01   4.000  1.0000  5.3997  0.5551E+02  0.8528E-04  0.8153E-09  0.5489E-04  0.6210E-04  0.1165E-11  0.8744E-04  0.3320E-04  0.5349E-04  0.2780E-03  0.9737E-03  0.2247E-04  0.1490E-06  0.1000E-04  0.1935E-08  0.2879E-01  0.1961E-01  0.2420E-02  0.9010E-02  0.4896E-09  0.8994E-02  0.1002E-01  0.6855E-03  0.2281E-08  0.3949E-07  0.8554E-02  0.1163E-02  0.8877E-08  0.1191E-03  0.1748E-02  0.3204E-08  0.1593E-04  0.9714E-07  0.3793E-04  0.7103E-03  0.8496E-05  0.4777E-15  0.4187E-07
