# time = 0.210382 years
0.000253044
0.000253288
0.000253532
0.000253777
0.000254021
0.000254265
0.000254508
0.00025475
0.000254987
0.000255205
0.000255373
0.000255415
0.000255187
0.00025445
0.000252869
0.000250063
0.000245716
0.000239716
0.000232273
0.000223926
0.00021543
0.000207542
0.000200811
0.000195455
0.000191408
0.000188638
0.000187401
0.00018705
0.00018693
0.000186888
0.000186877
0.000186874
0.000186873
0.000186873
0.000186873
0.000186873
0.000186873
0.000186873
0.000186873
0.000186873
0.000186873
0.000186873
0.000186873
0.000186873
0.000186873
0.000186873
0.000186873
0.000186873
0.000186873
0.000186873
0.000186873
0.000186873
0.000186873
0.000186873
0.000186873
0.000186873
0.000186873
0.000186873
0.000186873
0.000186873
0.000186873
0.000186873
0.000186873
0.000186873
0.000186873
0.000186873
0.000186873
0.000186873
0.000186873
0.000186873
0.000186873
0.000186873
0.000186873
0.000186873
0.000186873
0.000186873
0.000186873
0.000186873
0.000186873
0.000186873
0.000186873
0.000186873
0.000186873
0.000186873
0.000186873
0.000186873
0.000186873
0.000186873
0.000186873
0.000186873
0.000186873
0.000186873
0.000186873
0.000186873
0.000186873
0.000186873
0.000186873
0.000186873
0.000186873
0.000186873
