# time = 0.909903 years
0.000253044
0.000253288
0.000253532
0.000253777
0.000254021
0.000254265
0.000254509
0.000254753
0.000254997
0.000255241
0.000255485
0.000255728
0.000255972
0.000256216
0.00025646
0.000256704
0.000256948
0.000257191
0.000257435
0.000257679
0.000257923
0.000258166
0.00025841
0.000258654
0.000258897
0.000259141
0.000259384
0.000259628
0.000259871
0.000260115
0.000260358
0.000260602
0.000260845
0.000261089
0.000261332
0.000261576
0.000261819
0.000262062
0.000262306
0.000262549
0.000262792
0.000263035
0.000263279
0.000263522
0.000263765
0.000264008
0.000264251
0.000264494
0.000264737
0.00026498
0.000265223
0.000265466
0.000265709
0.000265952
0.000266195
0.000266438
0.000266681
0.000266924
0.000267166
0.000267408
0.00026765
0.00026789
0.000268128
0.000268362
0.000268591
0.00026881
0.000269015
0.000269197
0.000269346
0.000269448
0.000269483
0.000269426
0.000269248
0.000268912
0.000268379
0.000267604
0.000266541
0.000265148
0.000263386
0.000261225
0.00025865
0.000255659
0.000252266
0.000248506
0.000244428
0.000240091
0.000235566
0.000230923
0.00022623
0.000221544
0.000216909
0.000212354
0.000207897
0.000203557
0.000199393
0.000195549
0.000192277
0.000189826
0.000188256
0.000187388
