# time = 1.10977 years
2.91673e-05
2.94256e-05
2.96839e-05
2.99423e-05
3.02006e-05
3.04589e-05
3.07172e-05
3.09755e-05
3.12338e-05
3.14922e-05
3.17505e-05
3.20088e-05
3.22671e-05
3.25254e-05
3.27837e-05
3.30421e-05
3.33004e-05
3.35587e-05
3.3817e-05
3.40753e-05
3.43336e-05
3.4592e-05
3.48503e-05
3.51086e-05
3.53669e-05
3.56252e-05
3.58835e-05
3.61419e-05
3.64002e-05
3.66585e-05
3.69168e-05
3.71751e-05
3.74334e-05
3.76918e-05
3.79501e-05
3.82084e-05
3.84667e-05
3.8725e-05
3.89833e-05
3.92417e-05
3.95e-05
3.97583e-05
4.00166e-05
4.02749e-05
4.05332e-05
4.07915e-05
4.10499e-05
4.13082e-05
4.15665e-05
4.18248e-05
4.20831e-05
4.23414e-05
4.25998e-05
4.28581e-05
4.31164e-05
4.33747e-05
4.3633e-05
4.38913e-05
4.41497e-05
4.4408e-05
4.46663e-05
4.49246e-05
4.51829e-05
4.54412e-05
4.56995e-05
4.59579e-05
4.62162e-05
4.64745e-05
4.67328e-05
4.69911e-05
4.72494e-05
4.75077e-05
4.7766e-05
4.80242e-05
4.82824e-05
4.85404e-05
4.87982e-05
4.90556e-05
4.93124e-05
4.95681e-05
4.98222e-05
5.00738e-05
5.03214e-05
5.05631e-05
5.07963e-05
5.10173e-05
5.1221e-05
5.14012e-05
5.15498e-05
5.16567e-05
5.17102e-05
5.16964e-05
5.15999e-05
5.14036e-05
5.109e-05
5.06413e-05
5.00406e-05
4.92726e-05
4.8325e-05
4.71884e-05
