# time = 0 years
0.00018703
0.00018703
0.00018703
0.00018703
0.00018703
0.00018703
0.00018703
0.00018703
0.00018703
0.00018703
0.00018703
0.00018703
0.00018703
0.00018703
0.00018703
0.00018703
0.00018703
0.00018703
0.00018703
0.00018703
0.00018703
0.00018703
0.00018703
0.00018703
0.00018703
0.00018703
0.00018703
0.00018703
0.00018703
0.00018703
0.00018703
0.00018703
0.00018703
0.00018703
0.00018703
0.00018703
0.00018703
0.00018703
0.00018703
0.00018703
0.00018703
0.00018703
0.00018703
0.00018703
0.00018703
0.00018703
0.00018703
0.00018703
0.00018703
0.00018703
0.00018703
0.00018703
0.00018703
0.00018703
0.00018703
0.00018703
0.00018703
0.00018703
0.00018703
0.00018703
0.00018703
0.00018703
0.00018703
0.00018703
0.00018703
0.00018703
0.00018703
0.00018703
0.00018703
0.00018703
0.00018703
0.00018703
0.00018703
0.00018703
0.00018703
0.00018703
0.00018703
0.00018703
0.00018703
0.00018703
0.00018703
0.00018703
0.00018703
0.00018703
0.00018703
0.00018703
0.00018703
0.00018703
0.00018703
0.00018703
0.00018703
0.00018703
0.00018703
0.00018703
0.00018703
0.00018703
0.00018703
0.00018703
0.00018703
0.00018703
