# time = 1.10977 years
7.1028e-05
7.1028e-05
7.1028e-05
7.1028e-05
7.1028e-05
7.1028e-05
7.1028e-05
7.1028e-05
7.1028e-05
7.1028e-05
7.1028e-05
7.1028e-05
7.1028e-05
7.1028e-05
7.1028e-05
7.1028e-05
7.1028e-05
7.1028e-05
7.1028e-05
7.1028e-05
7.1028e-05
7.1028e-05
7.1028e-05
7.1028e-05
7.1028e-05
7.1028e-05
7.1028e-05
7.1028e-05
7.1028e-05
7.1028e-05
7.1028e-05
7.1028e-05
7.1028e-05
7.1028e-05
7.1028e-05
7.1028e-05
7.1028e-05
7.1028e-05
7.1028e-05
7.1028e-05
7.1028e-05
7.1028e-05
7.1028e-05
7.1028e-05
7.1028e-05
7.1028e-05
7.1028e-05
7.1028e-05
7.1028e-05
7.1028e-05
7.1028e-05
7.1028e-05
7.1028e-05
7.1028e-05
7.1028e-05
7.1028e-05
7.1028e-05
7.1028e-05
7.1028e-05
7.1028e-05
7.1028e-05
7.1028e-05
7.1028e-05
7.1028e-05
7.1028e-05
7.1028e-05
7.1028e-05
7.1028e-05
7.1028e-05
7.1028e-05
7.10279e-05
7.10279e-05
7.10278e-05
7.10276e-05
7.10272e-05
7.10265e-05
7.10253e-05
7.10233e-05
7.10197e-05
7.10138e-05
7.1004e-05
7.09884e-05
7.09638e-05
7.0926e-05
7.08687e-05
7.07838e-05
7.06603e-05
7.04844e-05
7.02385e-05
6.99015e-05
6.94484e-05
6.88508e-05
6.80779e-05
6.70973e-05
6.58766e-05
6.43862e-05
6.26008e-05
6.05024e-05
5.80829e-05
5.53457e-05
