# time = 0.257718 years
3.5414e-05
3.5414e-05
3.54136e-05
3.53772e-05
3.22853e-05
2.22003e-06
2.3591e-08
2.35447e-10
2.29729e-12
2.26646e-14
2.25688e-16
7.2074e-18
4.7908e-18
4.52426e-18
4.26475e-18
3.98939e-18
3.69791e-18
3.38543e-18
3.04732e-18
2.68587e-18
2.30846e-18
1.92499e-18
1.55041e-18
1.20342e-18
8.99836e-19
6.47883e-19
4.48827e-19
2.99208e-19
1.92678e-19
1.21498e-19
7.72498e-20
5.09551e-20
3.74986e-20
3.6058e-20
5.16965e-20
6.68654e-20
6.81436e-20
6.8302e-20
6.83367e-20
6.8345e-20
6.83469e-20
6.83472e-20
6.83473e-20
6.83473e-20
6.83473e-20
6.83473e-20
6.83473e-20
6.83473e-20
6.83473e-20
6.83473e-20
6.83473e-20
6.83473e-20
6.83473e-20
6.83473e-20
6.83473e-20
6.83473e-20
6.83473e-20
6.83473e-20
6.83473e-20
6.83473e-20
6.83473e-20
6.83473e-20
6.83473e-20
6.83473e-20
6.83473e-20
6.83473e-20
6.83473e-20
6.83473e-20
6.83473e-20
6.83473e-20
6.83473e-20
6.83473e-20
6.83473e-20
6.83473e-20
6.83473e-20
6.83473e-20
6.83473e-20
6.83473e-20
6.83473e-20
6.83473e-20
6.83473e-20
6.83473e-20
6.83473e-20
6.83473e-20
6.83473e-20
6.83473e-20
6.83473e-20
6.83473e-20
6.83473e-20
6.83473e-20
6.83473e-20
6.83473e-20
6.83473e-20
6.83473e-20
6.83473e-20
6.83473e-20
6.83473e-20
6.83473e-20
6.83473e-20
6.83473e-20
