# time = 0.71004 years
7.1028e-05
7.1028e-05
7.1028e-05
7.1028e-05
7.1028e-05
7.1028e-05
7.1028e-05
7.1028e-05
7.1028e-05
7.1028e-05
7.1028e-05
7.1028e-05
7.1028e-05
7.1028e-05
7.1028e-05
7.1028e-05
7.1028e-05
7.1028e-05
7.1028e-05
7.1028e-05
7.1028e-05
7.1028e-05
7.1028e-05
7.1028e-05
7.1028e-05
7.1028e-05
7.1028e-05
7.1028e-05
7.1028e-05
7.1028e-05
7.1028e-05
7.1028e-05
7.1028e-05
7.1028e-05
7.1028e-05
7.1028e-05
7.1028e-05
7.1028e-05
7.1028e-05
7.10279e-05
7.10279e-05
7.10277e-05
7.10273e-05
7.10266e-05
7.10249e-05
7.10217e-05
7.10154e-05
7.10037e-05
7.09824e-05
7.0945e-05
7.08814e-05
7.07767e-05
7.06095e-05
7.03509e-05
6.99631e-05
6.93989e-05
6.86029e-05
6.75138e-05
6.60679e-05
6.42053e-05
6.18771e-05
5.90527e-05
5.57272e-05
5.19267e-05
4.77104e-05
4.31699e-05
3.84229e-05
3.36051e-05
2.88581e-05
2.43176e-05
2.01013e-05
1.63008e-05
1.29753e-05
1.01509e-05
7.82271e-06
5.96014e-06
4.5142e-06
3.42506e-06
2.62914e-06
2.06494e-06
1.67706e-06
1.41847e-06
1.25133e-06
1.14662e-06
1.08305e-06
1.04565e-06
1.02434e-06
1.01259e-06
1.00631e-06
1.00306e-06
1.00144e-06
1.00065e-06
1.00029e-06
1.00012e-06
1.00005e-06
1.00002e-06
1.00001e-06
1e-06
1e-06
1e-06
