# time = 1.05717 years
0.00127992
0.00127915
0.00127838
0.0012776
0.00127683
0.00127605
0.00127528
0.0012745
0.00127373
0.00127295
0.00127218
0.0012714
0.00127063
0.00126985
0.00126908
0.0012683
0.00126753
0.00126675
0.00126598
0.0012652
0.00126444
0.00126497
0.00127961
0.00127891
0.00127834
0.00127792
0.00127717
0.00127627
0.00127545
0.00127471
0.00127396
0.00127318
0.0012724
0.00127162
0.00127085
0.00127008
0.0012693
0.00126852
0.00126775
0.00126697
0.0012662
0.00126542
0.00126465
0.00126387
0.0012631
0.00126232
0.00126155
0.00126077
0.00126
0.00125922
0.00125845
0.00125767
0.0012569
0.00125612
0.00125535
0.00125457
0.0012538
0.00125302
0.00125225
0.00125147
0.0012507
0.00124992
0.00124915
0.00124837
0.0012476
0.00124682
0.00124605
0.00124527
0.00124449
0.00124371
0.00124293
0.00124214
0.00124134
0.00124052
0.00123966
0.00123875
0.00123775
0.00123661
0.00123526
0.00123361
0.0012315
0.00122875
0.00122512
0.00122028
0.00121386
0.00120537
0.0011943
0.00118004
0.00116196
0.00113944
0.00111187
0.00107876
0.00103972
0.000994577
0.000943401
0.000886517
0.000824538
0.000758356
0.000689111
0.000618137
