# time = 1.1571 years
3.54141e-05
3.54141e-05
3.54141e-05
3.54142e-05
3.54142e-05
3.54142e-05
3.54142e-05
3.54142e-05
3.54142e-05
3.54142e-05
3.54142e-05
3.54142e-05
3.54142e-05
3.54142e-05
3.54142e-05
3.54141e-05
3.54141e-05
3.54141e-05
3.54141e-05
3.54141e-05
3.54141e-05
3.54139e-05
3.54033e-05
3.44552e-05
7.05733e-06
7.99726e-08
7.97379e-10
7.93371e-12
7.82061e-14
7.78374e-16
1.88022e-17
1.13585e-17
1.12976e-17
1.13097e-17
1.1323e-17
1.1337e-17
1.13517e-17
1.1367e-17
1.13829e-17
1.13993e-17
1.14165e-17
1.14344e-17
1.14532e-17
1.14727e-17
1.14929e-17
1.1514e-17
1.15359e-17
1.15589e-17
1.15828e-17
1.16076e-17
1.16335e-17
1.16604e-17
1.16884e-17
1.17176e-17
1.1748e-17
1.17796e-17
1.18126e-17
1.18468e-17
1.18825e-17
1.19196e-17
1.19583e-17
1.19985e-17
1.20404e-17
1.2084e-17
1.21293e-17
1.21765e-17
1.22256e-17
1.22767e-17
1.23299e-17
1.23853e-17
1.24428e-17
1.25027e-17
1.2565e-17
1.26299e-17
1.26974e-17
1.27675e-17
1.28406e-17
1.29165e-17
1.29955e-17
1.30776e-17
1.3163e-17
1.32517e-17
1.33438e-17
1.34393e-17
1.35383e-17
1.36405e-17
1.37457e-17
1.38536e-17
1.39636e-17
1.40747e-17
1.41857e-17
1.42949e-17
1.44e-17
1.44983e-17
1.45861e-17
1.46595e-17
1.47133e-17
1.47422e-17
1.47399e-17
1.47001e-17
