# time = 0.157787 years
0.000253044
0.000253288
0.000253532
0.000253776
0.000254017
0.000254247
0.000254432
0.000254484
0.000254199
0.000253206
0.000250972
0.000246924
0.000240705
0.000232446
0.000222881
0.000213162
0.000204446
0.000197481
0.000192423
0.000189052
0.000187457
0.000187063
0.000186951
0.00018692
0.000186915
0.000186913
0.000186913
0.000186913
0.000186913
0.000186913
0.000186913
0.000186913
0.000186913
0.000186913
0.000186913
0.000186913
0.000186913
0.000186913
0.000186913
0.000186913
0.000186913
0.000186913
0.000186913
0.000186913
0.000186913
0.000186913
0.000186913
0.000186913
0.000186913
0.000186913
0.000186913
0.000186913
0.000186913
0.000186913
0.000186913
0.000186913
0.000186913
0.000186913
0.000186913
0.000186913
0.000186913
0.000186913
0.000186913
0.000186913
0.000186913
0.000186913
0.000186913
0.000186913
0.000186913
0.000186913
0.000186913
0.000186913
0.000186913
0.000186913
0.000186913
0.000186913
0.000186913
0.000186913
0.000186913
0.000186913
0.000186913
0.000186913
0.000186913
0.000186913
0.000186913
0.000186913
0.000186913
0.000186913
0.000186913
0.000186913
0.000186913
0.000186913
0.000186913
0.000186913
0.000186913
0.000186913
0.000186913
0.000186913
0.000186913
0.000186913
