# time = 0.957239 years
2.91673e-05
2.94256e-05
2.96839e-05
2.99423e-05
3.02006e-05
3.04589e-05
3.07172e-05
3.09755e-05
3.12338e-05
3.14922e-05
3.17505e-05
3.20088e-05
3.22671e-05
3.25254e-05
3.27837e-05
3.30421e-05
3.33004e-05
3.35587e-05
3.3817e-05
3.40753e-05
3.43336e-05
3.4592e-05
3.48503e-05
3.51086e-05
3.53669e-05
3.56252e-05
3.58835e-05
3.61419e-05
3.64002e-05
3.66585e-05
3.69168e-05
3.71751e-05
3.74334e-05
3.76918e-05
3.79501e-05
3.82084e-05
3.84667e-05
3.8725e-05
3.89833e-05
3.92417e-05
3.95e-05
3.97583e-05
4.00166e-05
4.02749e-05
4.05332e-05
4.07915e-05
4.10499e-05
4.13082e-05
4.15665e-05
4.18248e-05
4.20831e-05
4.23414e-05
4.25998e-05
4.28581e-05
4.31164e-05
4.33747e-05
4.3633e-05
4.38913e-05
4.41496e-05
4.44079e-05
4.46662e-05
4.49244e-05
4.51825e-05
4.54404e-05
4.56981e-05
4.59551e-05
4.62112e-05
4.64656e-05
4.67175e-05
4.69651e-05
4.72064e-05
4.74379e-05
4.76551e-05
4.78518e-05
4.80199e-05
4.81487e-05
4.82254e-05
4.82344e-05
4.81579e-05
4.79759e-05
4.76675e-05
4.72111e-05
4.65864e-05
4.57755e-05
4.4764e-05
4.35426e-05
4.21077e-05
4.04618e-05
3.8613e-05
3.65746e-05
3.43627e-05
3.19951e-05
2.94884e-05
2.68562e-05
2.41076e-05
2.1246e-05
1.82718e-05
1.51896e-05
1.20283e-05
8.88038e-06
