# time = 0.809972 years
7.1028e-05
7.1028e-05
7.1028e-05
7.1028e-05
7.1028e-05
7.1028e-05
7.1028e-05
7.1028e-05
7.1028e-05
7.1028e-05
7.1028e-05
7.1028e-05
7.1028e-05
7.1028e-05
7.1028e-05
7.1028e-05
7.1028e-05
7.1028e-05
7.1028e-05
7.1028e-05
7.1028e-05
7.1028e-05
7.1028e-05
7.1028e-05
7.1028e-05
7.1028e-05
7.1028e-05
7.1028e-05
7.1028e-05
7.1028e-05
7.1028e-05
7.1028e-05
7.1028e-05
7.1028e-05
7.1028e-05
7.1028e-05
7.1028e-05
7.1028e-05
7.1028e-05
7.1028e-05
7.1028e-05
7.1028e-05
7.1028e-05
7.1028e-05
7.1028e-05
7.1028e-05
7.1028e-05
7.10279e-05
7.10278e-05
7.10276e-05
7.10272e-05
7.10264e-05
7.10248e-05
7.10217e-05
7.1016e-05
7.10057e-05
7.09877e-05
7.09571e-05
7.09064e-05
7.08248e-05
7.0697e-05
7.05021e-05
7.02129e-05
6.97951e-05
6.92077e-05
6.84033e-05
6.73308e-05
6.59382e-05
6.41769e-05
6.20072e-05
5.94036e-05
5.63599e-05
5.28935e-05
4.90472e-05
4.48891e-05
4.05092e-05
3.6014e-05
3.15188e-05
2.71389e-05
2.29808e-05
1.91345e-05
1.56681e-05
1.26244e-05
1.00208e-05
7.8511e-06
6.08983e-06
4.69719e-06
3.6247e-06
2.82034e-06
2.23288e-06
1.81513e-06
1.52592e-06
1.33102e-06
1.20318e-06
1.12158e-06
1.0709e-06
1.04028e-06
1.02229e-06
1.01201e-06
1.0063e-06
