# time = 1.2097 years
0.00127993
0.00127915
0.00127838
0.0012776
0.00127683
0.00127605
0.00127528
0.0012745
0.00127373
0.00127295
0.00127218
0.0012714
0.00127063
0.00126985
0.00126908
0.0012683
0.00126753
0.00126675
0.00126598
0.0012652
0.00126443
0.00126365
0.00126288
0.00126211
0.00126174
0.00127556
0.0012776
0.00127618
0.00127526
0.00127469
0.00127403
0.00127321
0.00127238
0.00127161
0.00127085
0.00127008
0.0012693
0.00126852
0.00126775
0.00126698
0.0012662
0.00126543
0.00126465
0.00126388
0.0012631
0.00126233
0.00126155
0.00126078
0.00126
0.00125923
0.00125845
0.00125768
0.0012569
0.00125613
0.00125535
0.00125458
0.0012538
0.00125302
0.00125225
0.00125147
0.0012507
0.00124992
0.00124915
0.00124837
0.0012476
0.00124682
0.00124605
0.00124527
0.0012445
0.00124372
0.00124295
0.00124217
0.0012414
0.00124062
0.00123985
0.00123907
0.0012383
0.00123752
0.00123675
0.00123597
0.00123519
0.00123442
0.00123364
0.00123285
0.00123205
0.00123125
0.00123042
0.00122955
0.00122863
0.00122763
0.0012265
0.00122518
0.00122359
0.00122162
0.00121911
0.00121587
0.00121166
0.00120618
0.00119907
0.00118993
