# time = 1.00983 years
3.54142e-05
3.54142e-05
3.54142e-05
3.54141e-05
3.54141e-05
3.54141e-05
3.54141e-05
3.54141e-05
3.5414e-05
3.5414e-05
3.5414e-05
3.5414e-05
3.5414e-05
3.5414e-05
3.5414e-05
3.5414e-05
3.5414e-05
3.5414e-05
3.54138e-05
3.53923e-05
3.35159e-05
3.6229e-06
3.9402e-08
3.95037e-10
3.89906e-12
3.82125e-14
3.86094e-16
1.51567e-17
1.15279e-17
1.15123e-17
1.15333e-17
1.15558e-17
1.15791e-17
1.16031e-17
1.16282e-17
1.16544e-17
1.16818e-17
1.17102e-17
1.17398e-17
1.17704e-17
1.18024e-17
1.18358e-17
1.18706e-17
1.19068e-17
1.19444e-17
1.19834e-17
1.20241e-17
1.20666e-17
1.21108e-17
1.21567e-17
1.22045e-17
1.22542e-17
1.23059e-17
1.23597e-17
1.24158e-17
1.24741e-17
1.25348e-17
1.25979e-17
1.26635e-17
1.27318e-17
1.28029e-17
1.28769e-17
1.29538e-17
1.30338e-17
1.31171e-17
1.32036e-17
1.32936e-17
1.33873e-17
1.34846e-17
1.35857e-17
1.36907e-17
1.37995e-17
1.3912e-17
1.40281e-17
1.41474e-17
1.42692e-17
1.43926e-17
1.45162e-17
1.46378e-17
1.4755e-17
1.48642e-17
1.4961e-17
1.50404e-17
1.5096e-17
1.51208e-17
1.51071e-17
1.50468e-17
1.49315e-17
1.47534e-17
1.45052e-17
1.4181e-17
1.37766e-17
1.32898e-17
1.27209e-17
1.20726e-17
1.13502e-17
1.05615e-17
9.71667e-18
8.82869e-18
7.91328e-18
