# time = 0.110451 years
0.000253044
0.000253287
0.000253519
0.000253691
0.00025363
0.000252896
0.000250691
0.000246026
0.000238265
0.000227773
0.000216085
0.000205268
0.000196877
0.000191317
0.000188156
0.000187177
0.000186992
0.000186955
0.00018695
0.000186949
0.000186949
0.000186949
0.000186949
0.000186949
0.000186949
0.000186949
0.000186949
0.000186949
0.000186949
0.000186949
0.000186949
0.000186949
0.000186949
0.000186949
0.000186949
0.000186949
0.000186949
0.000186949
0.000186949
0.000186949
0.000186949
0.000186949
0.000186949
0.000186949
0.000186949
0.000186949
0.000186949
0.000186949
0.000186949
0.000186949
0.000186949
0.000186949
0.000186949
0.000186949
0.000186949
0.000186949
0.000186949
0.000186949
0.000186949
0.000186949
0.000186949
0.000186949
0.000186949
0.000186949
0.000186949
0.000186949
0.000186949
0.000186949
0.000186949
0.000186949
0.000186949
0.000186949
0.000186949
0.000186949
0.000186949
0.000186949
0.000186949
0.000186949
0.000186949
0.000186949
0.000186949
0.000186949
0.000186949
0.000186949
0.000186949
0.000186949
0.000186949
0.000186949
0.000186949
0.000186949
0.000186949
0.000186949
0.000186949
0.000186949
0.000186949
0.000186949
0.000186949
0.000186949
0.000186949
0.000186949
