# time = 0.457581 years
3.5414e-05
3.5414e-05
3.5414e-05
3.5414e-05
3.5414e-05
3.5414e-05
3.54139e-05
3.54037e-05
3.45023e-05
7.46152e-06
8.52469e-08
8.49471e-10
8.46131e-12
8.35447e-14
8.28575e-16
1.59569e-17
7.85014e-18
7.64455e-18
7.51111e-18
7.37302e-18
7.23001e-18
7.08136e-18
6.92626e-18
6.76484e-18
6.59743e-18
6.42345e-18
6.24201e-18
6.05265e-18
5.85525e-18
5.64905e-18
5.43246e-18
5.20349e-18
4.96028e-18
4.70093e-18
4.4233e-18
4.1255e-18
3.80687e-18
3.46898e-18
3.11596e-18
2.75428e-18
2.3922e-18
2.03913e-18
1.70455e-18
1.39677e-18
1.12176e-18
8.82622e-19
6.79869e-19
5.12304e-19
3.7793e-19
2.74358e-19
1.98236e-19
1.44074e-19
1.05582e-19
7.95265e-20
6.4988e-20
6.16613e-20
7.23703e-20
1.01122e-19
1.15978e-19
1.18017e-19
1.18409e-19
1.18524e-19
1.18565e-19
1.1858e-19
1.18585e-19
1.18587e-19
1.18587e-19
1.18587e-19
1.18587e-19
1.18587e-19
1.18587e-19
1.18587e-19
1.18587e-19
1.18587e-19
1.18587e-19
1.18587e-19
1.18587e-19
1.18587e-19
1.18587e-19
1.18587e-19
1.18587e-19
1.18587e-19
1.18587e-19
1.18587e-19
1.18587e-19
1.18587e-19
1.18587e-19
1.18587e-19
1.18587e-19
1.18587e-19
1.18587e-19
1.18587e-19
1.18587e-19
1.18587e-19
1.18587e-19
1.18587e-19
1.18587e-19
1.18587e-19
1.18587e-19
1.18587e-19
