# time = 0.557513 years
0.000253044
0.000253288
0.000253532
0.000253777
0.000254021
0.000254265
0.000254509
0.000254753
0.000254997
0.000255241
0.000255485
0.000255728
0.000255972
0.000256216
0.00025646
0.000256704
0.000256948
0.000257191
0.000257435
0.000257679
0.000257923
0.000258166
0.00025841
0.000258654
0.000258897
0.000259141
0.000259384
0.000259628
0.000259871
0.000260115
0.000260358
0.000260601
0.000260843
0.000261083
0.000261319
0.000261548
0.000261764
0.000261955
0.000262106
0.000262189
0.000262168
0.000261992
0.000261594
0.000260895
0.000259807
0.000258238
0.000256108
0.000253353
0.000249949
0.000245911
0.000241303
0.000236238
0.000230861
0.000225338
0.000219834
0.000214494
0.000209427
0.000204694
0.000200319
0.000196317
0.000192782
0.000189989
0.000188224
0.000187366
0.000186993
0.000186812
0.000186716
0.000186662
0.000186634
0.000186619
0.000186613
0.00018661
0.000186609
0.000186609
0.000186608
0.000186608
0.000186608
0.000186608
0.000186608
0.000186608
0.000186608
0.000186608
0.000186608
0.000186608
0.000186608
0.000186608
0.000186608
0.000186608
0.000186608
0.000186608
0.000186608
0.000186608
0.000186608
0.000186608
0.000186608
0.000186608
0.000186608
0.000186608
0.000186608
0.000186608
