# time = 0.257718 years
0.000253044
0.000253288
0.000253532
0.000253777
0.000254021
0.000254265
0.000254509
0.000254753
0.000254997
0.00025524
0.000255482
0.000255721
0.000255949
0.000256147
0.000256278
0.000256264
0.000255976
0.000255217
0.00025373
0.000251233
0.000247488
0.000242386
0.000236022
0.00022872
0.000220983
0.000213388
0.000206442
0.000200473
0.000195586
0.000191724
0.000188938
0.000187542
0.000187096
0.000186935
0.00018687
0.000186847
0.00018684
0.000186838
0.000186837
0.000186837
0.000186837
0.000186837
0.000186837
0.000186837
0.000186837
0.000186837
0.000186837
0.000186837
0.000186837
0.000186837
0.000186837
0.000186837
0.000186837
0.000186837
0.000186837
0.000186837
0.000186837
0.000186837
0.000186837
0.000186837
0.000186837
0.000186837
0.000186837
0.000186837
0.000186837
0.000186837
0.000186837
0.000186837
0.000186837
0.000186837
0.000186837
0.000186837
0.000186837
0.000186837
0.000186837
0.000186837
0.000186837
0.000186837
0.000186837
0.000186837
0.000186837
0.000186837
0.000186837
0.000186837
0.000186837
0.000186837
0.000186837
0.000186837
0.000186837
0.000186837
0.000186837
0.000186837
0.000186837
0.000186837
0.000186837
0.000186837
0.000186837
0.000186837
0.000186837
0.000186837
