# time = 0.857308 years
3.5414e-05
3.5414e-05
3.5414e-05
3.5414e-05
3.5414e-05
3.5414e-05
3.5414e-05
3.5414e-05
3.5414e-05
3.5414e-05
3.5414e-05
3.5414e-05
3.5414e-05
3.5414e-05
3.5414e-05
3.54132e-05
3.53415e-05
2.95387e-05
1.15113e-06
1.1796e-08
1.15274e-10
1.12435e-12
1.10529e-14
1.19025e-16
1.1182e-17
1.00848e-17
1.00383e-17
1.00008e-17
9.96178e-18
9.92122e-18
9.87913e-18
9.83542e-18
9.78994e-18
9.74262e-18
9.69347e-18
9.64242e-18
9.58936e-18
9.53417e-18
9.47678e-18
9.41715e-18
9.35519e-18
9.29079e-18
9.22383e-18
9.15419e-18
9.08181e-18
9.00659e-18
8.92842e-18
8.84715e-18
8.76264e-18
8.67477e-18
8.58342e-18
8.48849e-18
8.38981e-18
8.28722e-18
8.18053e-18
8.06955e-18
7.95413e-18
7.83405e-18
7.70907e-18
7.57888e-18
7.44306e-18
7.30115e-18
7.15256e-18
6.99657e-18
6.8323e-18
6.65864e-18
6.47432e-18
6.27792e-18
6.06798e-18
5.84308e-18
5.60204e-18
5.34409e-18
5.069e-18
4.77735e-18
4.47058e-18
4.15113e-18
3.82235e-18
3.48842e-18
3.15404e-18
2.82413e-18
2.50348e-18
2.19639e-18
1.90649e-18
1.63652e-18
1.38848e-18
1.1637e-18
9.63136e-19
7.8758e-19
6.37635e-19
5.1323e-19
4.12669e-19
3.32099e-19
2.668e-19
2.13554e-19
1.71428e-19
1.40433e-19
1.20202e-19
1.10276e-19
1.11253e-19
1.26137e-19
