# time = 1.35697 years
0.00127993
0.00127915
0.00127838
0.0012776
0.00127683
0.00127605
0.00127528
0.0012745
0.00127373
0.00127295
0.00127218
0.0012714
0.00127063
0.00126985
0.00126908
0.0012683
0.00126753
0.00126675
0.00126598
0.0012652
0.00126443
0.00126365
0.00126288
0.0012621
0.00126133
0.00126055
0.00125978
0.00125921
0.00126943
0.0012752
0.0012743
0.00127307
0.00127225
0.00127162
0.00127091
0.0012701
0.00126929
0.00126852
0.00126776
0.00126698
0.0012662
0.00126543
0.00126465
0.00126388
0.0012631
0.00126233
0.00126155
0.00126078
0.00126
0.00125923
0.00125845
0.00125768
0.0012569
0.00125613
0.00125535
0.00125458
0.0012538
0.00125303
0.00125225
0.00125148
0.0012507
0.00124993
0.00124915
0.00124838
0.0012476
0.00124683
0.00124605
0.00124528
0.0012445
0.00124373
0.00124295
0.00124218
0.0012414
0.00124063
0.00123985
0.00123908
0.0012383
0.00123753
0.00123675
0.00123598
0.0012352
0.00123443
0.00123365
0.00123288
0.0012321
0.00123132
0.00123055
0.00122977
0.001229
0.00122822
0.00122745
0.00122667
0.0012259
0.00122512
0.00122434
0.00122355
0.00122276
0.00122196
0.00122114
0.00122029
