# time = 0.657444 years
0.00127993
0.00127915
0.00127838
0.0012776
0.00127683
0.00127605
0.00127528
0.0012745
0.00127373
0.00127295
0.00127218
0.0012714
0.00127082
0.00128069
0.00128677
0.00128594
0.00128472
0.00128386
0.00128323
0.00128253
0.00128172
0.00128091
0.00128013
0.00127937
0.0012786
0.00127782
0.00127704
0.00127627
0.0012755
0.00127472
0.00127395
0.00127317
0.0012724
0.00127162
0.00127085
0.00127007
0.00126929
0.00126851
0.00126773
0.00126694
0.00126613
0.00126529
0.00126437
0.00126333
0.00126207
0.00126043
0.00125818
0.00125494
0.00125023
0.00124336
0.00123344
0.00121942
0.00120006
0.00117407
0.00114018
0.00109731
0.00104474
0.000982269
0.000910358
0.000830185
0.000743635
0.000653181
0.000561692
0.000472177
0.000387504
0.000310149
0.000241996
0.000184218
0.000137231
0.00010067
7.33144e-05
5.30734e-05
3.76339e-05
2.55965e-05
1.65839e-05
1.03066e-05
6.18508e-06
3.59616e-06
2.03079e-06
1.11677e-06
5.99171e-07
3.15619e-07
1.66022e-07
9.00656e-08
5.29297e-08
3.54404e-08
2.75065e-08
2.40407e-08
2.25834e-08
2.19939e-08
2.17647e-08
2.1679e-08
2.16483e-08
2.16377e-08
2.16342e-08
2.16331e-08
2.16328e-08
2.16327e-08
2.16327e-08
2.16327e-08
