# time = 0.909903 years
7.1028e-05
7.1028e-05
7.1028e-05
7.1028e-05
7.1028e-05
7.1028e-05
7.1028e-05
7.1028e-05
7.1028e-05
7.1028e-05
7.1028e-05
7.1028e-05
7.1028e-05
7.1028e-05
7.1028e-05
7.1028e-05
7.1028e-05
7.1028e-05
7.1028e-05
7.1028e-05
7.1028e-05
7.1028e-05
7.1028e-05
7.1028e-05
7.1028e-05
7.1028e-05
7.1028e-05
7.1028e-05
7.1028e-05
7.1028e-05
7.1028e-05
7.1028e-05
7.1028e-05
7.1028e-05
7.1028e-05
7.1028e-05
7.1028e-05
7.1028e-05
7.1028e-05
7.1028e-05
7.1028e-05
7.1028e-05
7.1028e-05
7.1028e-05
7.1028e-05
7.1028e-05
7.1028e-05
7.1028e-05
7.1028e-05
7.1028e-05
7.1028e-05
7.1028e-05
7.1028e-05
7.1028e-05
7.1028e-05
7.10279e-05
7.10278e-05
7.10276e-05
7.10272e-05
7.10264e-05
7.10249e-05
7.10221e-05
7.10171e-05
7.10083e-05
7.09935e-05
7.09688e-05
7.09288e-05
7.08655e-05
7.07677e-05
7.06204e-05
7.04035e-05
7.00921e-05
6.96551e-05
6.90566e-05
6.82558e-05
6.72095e-05
6.58741e-05
6.42091e-05
6.21813e-05
5.97684e-05
5.69635e-05
5.37776e-05
5.0242e-05
4.64083e-05
4.23464e-05
3.81411e-05
3.38869e-05
2.96816e-05
2.56197e-05
2.1786e-05
1.82504e-05
1.50645e-05
1.22596e-05
9.84672e-06
7.81889e-06
6.15393e-06
4.81849e-06
3.77217e-06
2.97142e-06
2.37287e-06
