# time = 0 years
6.5874e-09
6.5874e-09
6.5874e-09
6.5874e-09
6.5874e-09
6.5874e-09
6.5874e-09
6.5874e-09
6.5874e-09
6.5874e-09
6.5874e-09
6.5874e-09
6.5874e-09
6.5874e-09
6.5874e-09
6.5874e-09
6.5874e-09
6.5874e-09
6.5874e-09
6.5874e-09
6.5874e-09
6.5874e-09
6.5874e-09
6.5874e-09
6.5874e-09
6.5874e-09
6.5874e-09
6.5874e-09
6.5874e-09
6.5874e-09
6.5874e-09
6.5874e-09
6.5874e-09
6.5874e-09
6.5874e-09
6.5874e-09
6.5874e-09
6.5874e-09
6.5874e-09
6.5874e-09
6.5874e-09
6.5874e-09
6.5874e-09
6.5874e-09
6.5874e-09
6.5874e-09
6.5874e-09
6.5874e-09
6.5874e-09
6.5874e-09
6.5874e-09
6.5874e-09
6.5874e-09
6.5874e-09
6.5874e-09
6.5874e-09
6.5874e-09
6.5874e-09
6.5874e-09
6.5874e-09
6.5874e-09
6.5874e-09
6.5874e-09
6.5874e-09
6.5874e-09
6.5874e-09
6.5874e-09
6.5874e-09
6.5874e-09
6.5874e-09
6.5874e-09
6.5874e-09
6.5874e-09
6.5874e-09
6.5874e-09
6.5874e-09
6.5874e-09
6.5874e-09
6.5874e-09
6.5874e-09
6.5874e-09
6.5874e-09
6.5874e-09
6.5874e-09
6.5874e-09
6.5874e-09
6.5874e-09
6.5874e-09
6.5874e-09
6.5874e-09
6.5874e-09
6.5874e-09
6.5874e-09
6.5874e-09
6.5874e-09
6.5874e-09
6.5874e-09
6.5874e-09
6.5874e-09
6.5874e-09
