# time = 0.310314 years
0.000253044
0.000253288
0.000253532
0.000253777
0.000254021
0.000254265
0.000254509
0.000254753
0.000254997
0.000255241
0.000255485
0.000255728
0.000255972
0.000256215
0.000256457
0.000256694
0.000256919
0.000257118
0.000257258
0.000257284
0.000257101
0.000256573
0.000255516
0.000253718
0.000250974
0.000247136
0.000242167
0.000236182
0.000229449
0.000222356
0.000215334
0.00020877
0.000202936
0.000197951
0.000193803
0.000190494
0.0001883
0.000187351
0.000187026
0.000186892
0.000186833
0.000186809
0.000186801
0.000186798
0.000186797
0.000186797
0.000186797
0.000186797
0.000186797
0.000186797
0.000186797
0.000186797
0.000186797
0.000186797
0.000186797
0.000186797
0.000186797
0.000186797
0.000186797
0.000186797
0.000186797
0.000186797
0.000186797
0.000186797
0.000186797
0.000186797
0.000186797
0.000186797
0.000186797
0.000186797
0.000186797
0.000186797
0.000186797
0.000186797
0.000186797
0.000186797
0.000186797
0.000186797
0.000186797
0.000186797
0.000186797
0.000186797
0.000186797
0.000186797
0.000186797
0.000186797
0.000186797
0.000186797
0.000186797
0.000186797
0.000186797
0.000186797
0.000186797
0.000186797
0.000186797
0.000186797
0.000186797
0.000186797
0.000186797
0.000186797
