# time = 0.510177 years
2.91673e-05
2.94256e-05
2.96839e-05
2.99423e-05
3.02006e-05
3.04589e-05
3.07172e-05
3.09755e-05
3.12338e-05
3.14922e-05
3.17505e-05
3.20088e-05
3.22671e-05
3.25254e-05
3.27837e-05
3.30421e-05
3.33004e-05
3.35587e-05
3.3817e-05
3.40753e-05
3.43336e-05
3.4592e-05
3.48503e-05
3.51086e-05
3.53669e-05
3.56252e-05
3.58834e-05
3.61415e-05
3.63994e-05
3.66565e-05
3.69123e-05
3.71651e-05
3.74123e-05
3.76489e-05
3.78669e-05
3.80536e-05
3.81902e-05
3.82502e-05
3.81992e-05
3.79947e-05
3.75889e-05
3.69325e-05
3.59805e-05
3.46994e-05
3.30736e-05
3.11105e-05
2.88419e-05
2.63212e-05
2.36169e-05
2.08025e-05
1.79456e-05
1.5098e-05
1.22898e-05
9.53093e-06
6.83121e-06
4.26989e-06
2.11822e-06
7.57223e-07
1.98635e-07
4.71871e-08
1.18308e-08
3.52545e-09
1.65228e-09
1.7819e-09
3.27892e-09
4.8022e-09
5.74696e-09
6.21963e-09
6.43049e-09
6.51762e-09
6.55147e-09
6.56389e-09
6.56821e-09
6.56963e-09
6.57008e-09
6.57021e-09
6.57024e-09
6.57025e-09
6.57025e-09
6.57025e-09
6.57025e-09
6.57025e-09
6.57025e-09
6.57025e-09
6.57025e-09
6.57025e-09
6.57025e-09
6.57025e-09
6.57025e-09
6.57025e-09
6.57025e-09
6.57025e-09
6.57025e-09
6.57025e-09
6.57025e-09
6.57025e-09
6.57025e-09
6.57025e-09
6.57025e-09
6.57025e-09
