# time = 0.410245 years
2.91673e-05
2.94256e-05
2.96839e-05
2.99423e-05
3.02006e-05
3.04589e-05
3.07172e-05
3.09755e-05
3.12338e-05
3.14922e-05
3.17505e-05
3.20088e-05
3.22671e-05
3.25254e-05
3.27837e-05
3.30421e-05
3.33004e-05
3.35587e-05
3.3817e-05
3.40752e-05
3.43332e-05
3.45908e-05
3.48471e-05
3.51006e-05
3.53482e-05
3.55837e-05
3.57963e-05
3.5968e-05
3.60712e-05
3.60662e-05
3.59011e-05
3.55137e-05
3.48369e-05
3.38082e-05
3.23815e-05
3.05388e-05
2.82981e-05
2.57161e-05
2.28811e-05
1.99001e-05
1.68797e-05
1.39085e-05
1.10425e-05
8.30295e-06
5.69443e-06
3.28783e-06
1.38734e-06
3.77126e-07
7.58923e-08
1.55664e-08
3.84359e-09
1.62561e-09
1.96384e-09
3.76581e-09
5.265e-09
6.04588e-09
6.37788e-09
6.50375e-09
6.54759e-09
6.56176e-09
6.56601e-09
6.5672e-09
6.5675e-09
6.56757e-09
6.56759e-09
6.56759e-09
6.56759e-09
6.56759e-09
6.56759e-09
6.56759e-09
6.56759e-09
6.56759e-09
6.56759e-09
6.56759e-09
6.56759e-09
6.56759e-09
6.56759e-09
6.56759e-09
6.56759e-09
6.56759e-09
6.56759e-09
6.56759e-09
6.56759e-09
6.56759e-09
6.56759e-09
6.56759e-09
6.56759e-09
6.56759e-09
6.56759e-09
6.56759e-09
6.56759e-09
6.56759e-09
6.56759e-09
6.56759e-09
6.56759e-09
6.56759e-09
6.56759e-09
6.56759e-09
6.56759e-09
6.56759e-09
