# time = 0.310314 years
7.1028e-05
7.1028e-05
7.1028e-05
7.1028e-05
7.1028e-05
7.1028e-05
7.1028e-05
7.1028e-05
7.1028e-05
7.1028e-05
7.1028e-05
7.10279e-05
7.10277e-05
7.10269e-05
7.10245e-05
7.10173e-05
7.09978e-05
7.09498e-05
7.08405e-05
7.06103e-05
7.01615e-05
6.93494e-05
6.79836e-05
6.58457e-05
6.2728e-05
5.8488e-05
5.31064e-05
4.67281e-05
3.96665e-05
3.23615e-05
2.52999e-05
1.89216e-05
1.354e-05
9.29997e-06
6.18228e-06
4.04443e-06
2.67858e-06
1.86646e-06
1.41765e-06
1.1875e-06
1.07817e-06
1.03017e-06
1.01075e-06
1.00352e-06
1.00105e-06
1.00029e-06
1.00007e-06
1.00002e-06
1e-06
1e-06
1e-06
1e-06
1e-06
1e-06
1e-06
1e-06
1e-06
1e-06
1e-06
1e-06
1e-06
1e-06
1e-06
1e-06
1e-06
1e-06
1e-06
1e-06
1e-06
1e-06
1e-06
1e-06
1e-06
1e-06
1e-06
1e-06
1e-06
1e-06
1e-06
1e-06
1e-06
1e-06
1e-06
1e-06
1e-06
1e-06
1e-06
1e-06
1e-06
1e-06
1e-06
1e-06
1e-06
1e-06
1e-06
1e-06
1e-06
1e-06
1e-06
1e-06
