# time = 0.110451 years
0.00127997
0.00128339
0.00129428
0.00129306
0.00128641
0.00126595
0.00121667
0.00111969
0.000963133
0.000755128
0.000527023
0.000320421
0.000166409
7.28666e-05
2.72501e-05
8.14707e-06
1.81514e-06
3.06152e-07
5.01047e-08
2.30309e-08
2.16764e-08
2.16764e-08
2.16764e-08
2.16764e-08
2.16764e-08
2.16764e-08
2.16764e-08
2.16764e-08
2.16764e-08
2.16764e-08
2.16764e-08
2.16764e-08
2.16764e-08
2.16764e-08
2.16764e-08
2.16764e-08
2.16764e-08
2.16764e-08
2.16764e-08
2.16764e-08
2.16764e-08
2.16764e-08
2.16764e-08
2.16764e-08
2.16764e-08
2.16764e-08
2.16764e-08
2.16764e-08
2.16764e-08
2.16764e-08
2.16764e-08
2.16764e-08
2.16764e-08
2.16764e-08
2.16764e-08
2.16764e-08
2.16764e-08
2.16764e-08
2.16764e-08
2.16764e-08
2.16764e-08
2.16764e-08
2.16764e-08
2.16764e-08
2.16764e-08
2.16764e-08
2.16764e-08
2.16764e-08
2.16764e-08
2.16764e-08
2.16764e-08
2.16764e-08
2.16764e-08
2.16764e-08
2.16764e-08
2.16764e-08
2.16764e-08
2.16764e-08
2.16764e-08
2.16764e-08
2.16764e-08
2.16764e-08
2.16764e-08
2.16764e-08
2.16764e-08
2.16764e-08
2.16764e-08
2.16764e-08
2.16764e-08
2.16764e-08
2.16764e-08
2.16764e-08
2.16764e-08
2.16764e-08
2.16764e-08
2.16764e-08
2.16764e-08
2.16764e-08
2.16764e-08
2.16764e-08
