# time = 0.557513 years
3.5414e-05
3.5414e-05
3.5414e-05
3.5414e-05
3.5414e-05
3.5414e-05
3.5414e-05
3.5414e-05
3.54139e-05
3.54086e-05
3.49281e-05
1.2877e-05
1.66657e-07
1.62577e-09
1.61192e-11
1.59848e-13
1.58867e-15
2.86584e-17
1.3413e-17
1.33523e-17
1.3444e-17
1.35419e-17
1.36445e-17
1.37503e-17
1.38598e-17
1.39742e-17
1.40939e-17
1.42182e-17
1.43468e-17
1.44806e-17
1.462e-17
1.47654e-17
1.49163e-17
1.50726e-17
1.52346e-17
1.54022e-17
1.55748e-17
1.57507e-17
1.59272e-17
1.61002e-17
1.6264e-17
1.64101e-17
1.65265e-17
1.65984e-17
1.66078e-17
1.65347e-17
1.63584e-17
1.60591e-17
1.562e-17
1.50294e-17
1.42826e-17
1.33835e-17
1.23443e-17
1.11855e-17
9.9342e-18
8.62459e-18
7.29818e-18
6.00508e-18
4.80291e-18
3.74909e-18
2.88266e-18
2.20261e-18
1.67517e-18
1.27733e-18
1.00772e-18
8.63224e-19
8.45419e-19
9.90459e-19
1.33583e-18
1.53635e-18
1.56985e-18
1.57668e-18
1.57875e-18
1.57953e-18
1.57984e-18
1.57997e-18
1.58002e-18
1.58003e-18
1.58004e-18
1.58004e-18
1.58004e-18
1.58004e-18
1.58004e-18
1.58004e-18
1.58004e-18
1.58004e-18
1.58004e-18
1.58004e-18
1.58004e-18
1.58004e-18
1.58004e-18
1.58004e-18
1.58004e-18
1.58004e-18
1.58004e-18
1.58004e-18
1.58004e-18
1.58004e-18
1.58004e-18
1.58004e-18
