# time = 0.757376 years
7.1028e-05
7.1028e-05
7.1028e-05
7.1028e-05
7.1028e-05
7.1028e-05
7.1028e-05
7.1028e-05
7.1028e-05
7.1028e-05
7.1028e-05
7.1028e-05
7.1028e-05
7.1028e-05
7.1028e-05
7.1028e-05
7.1028e-05
7.1028e-05
7.1028e-05
7.1028e-05
7.1028e-05
7.1028e-05
7.1028e-05
7.1028e-05
7.1028e-05
7.1028e-05
7.1028e-05
7.1028e-05
7.1028e-05
7.1028e-05
7.1028e-05
7.1028e-05
7.1028e-05
7.1028e-05
7.1028e-05
7.1028e-05
7.1028e-05
7.1028e-05
7.1028e-05
7.1028e-05
7.1028e-05
7.1028e-05
7.1028e-05
7.10279e-05
7.10278e-05
7.10276e-05
7.10272e-05
7.10262e-05
7.10243e-05
7.10207e-05
7.10138e-05
7.10012e-05
7.0979e-05
7.09409e-05
7.08774e-05
7.07746e-05
7.06131e-05
7.03665e-05
7.0001e-05
6.94743e-05
6.8737e-05
6.77338e-05
6.64069e-05
6.47009e-05
6.25685e-05
5.99767e-05
5.69137e-05
5.33936e-05
4.94593e-05
4.51829e-05
4.06621e-05
3.6014e-05
3.13659e-05
2.68451e-05
2.25687e-05
1.86344e-05
1.51143e-05
1.20513e-05
9.45953e-06
7.32707e-06
5.6211e-06
4.29423e-06
3.29099e-06
2.55367e-06
2.02702e-06
1.66145e-06
1.41491e-06
1.25338e-06
1.15059e-06
1.08707e-06
1.04896e-06
1.02676e-06
1.01421e-06
1.00733e-06
1.00367e-06
1.00179e-06
1.00084e-06
1.00039e-06
1.00017e-06
1.00007e-06
