# time = 0.157787 years
0.00127993
0.0012792
0.00128244
0.00129378
0.00129394
0.00129321
0.00129107
0.00128626
0.00127498
0.00124985
0.00120045
0.00111588
0.000989745
0.00082544
0.00063825
0.000451673
0.000289154
0.000165839
8.49033e-05
3.93896e-05
1.63654e-05
5.63059e-06
1.63491e-06
4.0705e-07
9.52148e-08
3.24876e-08
2.28258e-08
2.17519e-08
2.16752e-08
2.16726e-08
2.16726e-08
2.16726e-08
2.16726e-08
2.16726e-08
2.16726e-08
2.16726e-08
2.16726e-08
2.16726e-08
2.16726e-08
2.16726e-08
2.16726e-08
2.16726e-08
2.16726e-08
2.16726e-08
2.16726e-08
2.16726e-08
2.16726e-08
2.16726e-08
2.16726e-08
2.16726e-08
2.16726e-08
2.16726e-08
2.16726e-08
2.16726e-08
2.16726e-08
2.16726e-08
2.16726e-08
2.16726e-08
2.16726e-08
2.16726e-08
2.16726e-08
2.16726e-08
2.16726e-08
2.16726e-08
2.16726e-08
2.16726e-08
2.16726e-08
2.16726e-08
2.16726e-08
2.16726e-08
2.16726e-08
2.16726e-08
2.16726e-08
2.16726e-08
2.16726e-08
2.16726e-08
2.16726e-08
2.16726e-08
2.16726e-08
2.16726e-08
2.16726e-08
2.16726e-08
2.16726e-08
2.16726e-08
2.16726e-08
2.16726e-08
2.16726e-08
2.16726e-08
2.16726e-08
2.16726e-08
2.16726e-08
2.16726e-08
2.16726e-08
2.16726e-08
2.16726e-08
2.16726e-08
2.16726e-08
2.16726e-08
2.16726e-08
2.16726e-08
