# time = 1.10977 years
3.54142e-05
3.54142e-05
3.54142e-05
3.54142e-05
3.54142e-05
3.54142e-05
3.54142e-05
3.54142e-05
3.54142e-05
3.54142e-05
3.54142e-05
3.54141e-05
3.54141e-05
3.54141e-05
3.54141e-05
3.54141e-05
3.54141e-05
3.5414e-05
3.5414e-05
3.5414e-05
3.54139e-05
3.54025e-05
3.43931e-05
6.65014e-06
7.49257e-08
7.48194e-10
7.4421e-12
7.33186e-14
7.29668e-16
1.76471e-17
1.06416e-17
1.05568e-17
1.05394e-17
1.0522e-17
1.05038e-17
1.04851e-17
1.04656e-17
1.04454e-17
1.04244e-17
1.04025e-17
1.03798e-17
1.03563e-17
1.03318e-17
1.03064e-17
1.028e-17
1.02525e-17
1.0224e-17
1.01944e-17
1.01637e-17
1.01317e-17
1.00985e-17
1.0064e-17
1.00281e-17
9.99089e-18
9.95218e-18
9.91195e-18
9.87013e-18
9.82668e-18
9.78152e-18
9.73461e-18
9.68585e-18
9.63517e-18
9.58249e-18
9.52773e-18
9.47083e-18
9.41169e-18
9.35023e-18
9.28635e-18
9.21995e-18
9.15092e-18
9.07917e-18
9.00459e-18
8.92707e-18
8.84649e-18
8.76272e-18
8.67562e-18
8.58503e-18
8.49081e-18
8.39276e-18
8.29068e-18
8.18433e-18
8.07341e-18
7.95756e-18
7.83633e-18
7.70918e-18
7.57547e-18
7.43443e-18
7.28515e-18
7.1266e-18
6.95763e-18
6.77705e-18
6.58364e-18
6.37627e-18
6.15401e-18
5.9162e-18
5.66264e-18
5.39359e-18
5.10996e-18
4.81329e-18
4.50574e-18
