# time = 0.610108 years
0.00127993
0.00127915
0.00127838
0.0012776
0.00127683
0.00127605
0.00127528
0.0012745
0.00127373
0.00127295
0.00127218
0.00127161
0.00128186
0.0012876
0.00128669
0.00128547
0.00128464
0.00128402
0.0012833
0.00128249
0.00128168
0.00128091
0.00128015
0.00127938
0.0012786
0.00127782
0.00127704
0.00127627
0.0012755
0.00127472
0.00127395
0.00127317
0.00127239
0.00127162
0.00127084
0.00127005
0.00126925
0.00126841
0.00126751
0.0012665
0.00126527
0.00126366
0.00126143
0.00125817
0.00125334
0.00124618
0.00123569
0.00122067
0.00119973
0.00117142
0.00113433
0.00108734
0.00102977
0.000961586
0.000883569
0.000797329
0.000705255
0.000610337
0.000515887
0.000425221
0.000341325
0.000266588
0.000202618
0.00015016
0.000109087
7.8351e-05
5.59191e-05
3.92127e-05
2.63914e-05
1.68607e-05
1.02925e-05
6.049e-06
3.43565e-06
1.89101e-06
1.01154e-06
5.27077e-07
2.69929e-07
1.38955e-07
7.49605e-08
4.49469e-08
3.14325e-08
2.55915e-08
2.31694e-08
2.22064e-08
2.18395e-08
2.17057e-08
2.16591e-08
2.16435e-08
2.16386e-08
2.16371e-08
2.16366e-08
2.16365e-08
2.16365e-08
2.16365e-08
2.16365e-08
2.16365e-08
2.16365e-08
2.16365e-08
2.16365e-08
2.16365e-08
