# time = 0.0578551 years
2.91388e-05
2.91119e-05
2.80832e-05
2.48957e-05
1.908e-05
1.19251e-05
5.73952e-06
1.84766e-06
9.2074e-08
1.53404e-09
6.55797e-09
6.55821e-09
6.55821e-09
6.55821e-09
6.55821e-09
6.55821e-09
6.55821e-09
6.55821e-09
6.55821e-09
6.55821e-09
6.55821e-09
6.55821e-09
6.55821e-09
6.55821e-09
6.55821e-09
6.55821e-09
6.55821e-09
6.55821e-09
6.55821e-09
6.55821e-09
6.55821e-09
6.55821e-09
6.55821e-09
6.55821e-09
6.55821e-09
6.55821e-09
6.55821e-09
6.55821e-09
6.55821e-09
6.55821e-09
6.55821e-09
6.55821e-09
6.55821e-09
6.55821e-09
6.55821e-09
6.55821e-09
6.55821e-09
6.55821e-09
6.55821e-09
6.55821e-09
6.55821e-09
6.55821e-09
6.55821e-09
6.55821e-09
6.55821e-09
6.55821e-09
6.55821e-09
6.55821e-09
6.55821e-09
6.55821e-09
6.55821e-09
6.55821e-09
6.55821e-09
6.55821e-09
6.55821e-09
6.55821e-09
6.55821e-09
6.55821e-09
6.55821e-09
6.55821e-09
6.55821e-09
6.55821e-09
6.55821e-09
6.55821e-09
6.55821e-09
6.55821e-09
6.55821e-09
6.55821e-09
6.55821e-09
6.55821e-09
6.55821e-09
6.55821e-09
6.55821e-09
6.55821e-09
6.55821e-09
6.55821e-09
6.55821e-09
6.55821e-09
6.55821e-09
6.55821e-09
6.55821e-09
6.55821e-09
6.55821e-09
6.55821e-09
6.55821e-09
6.55821e-09
6.55821e-09
6.55821e-09
6.55821e-09
6.55821e-09
