# time = 0.257718 years
2.91673e-05
2.94256e-05
2.96839e-05
2.99423e-05
3.02006e-05
3.04589e-05
3.07172e-05
3.09755e-05
3.12338e-05
3.14919e-05
3.17496e-05
3.20055e-05
3.22566e-05
3.24947e-05
3.27024e-05
3.28458e-05
3.28663e-05
3.26752e-05
3.21556e-05
3.11778e-05
2.96284e-05
2.74485e-05
2.46668e-05
2.14108e-05
1.78875e-05
1.43353e-05
1.09645e-05
7.90792e-06
5.20468e-06
2.84798e-06
1.01554e-06
1.73682e-07
2.12801e-08
3.46562e-09
1.50923e-09
3.14133e-09
5.23254e-09
6.16887e-09
6.46438e-09
6.54191e-09
6.55945e-09
6.56287e-09
6.56345e-09
6.56352e-09
6.56353e-09
6.56353e-09
6.56353e-09
6.56353e-09
6.56353e-09
6.56353e-09
6.56353e-09
6.56353e-09
6.56353e-09
6.56353e-09
6.56353e-09
6.56353e-09
6.56353e-09
6.56353e-09
6.56353e-09
6.56353e-09
6.56353e-09
6.56353e-09
6.56353e-09
6.56353e-09
6.56353e-09
6.56353e-09
6.56353e-09
6.56353e-09
6.56353e-09
6.56353e-09
6.56353e-09
6.56353e-09
6.56353e-09
6.56353e-09
6.56353e-09
6.56353e-09
6.56353e-09
6.56353e-09
6.56353e-09
6.56353e-09
6.56353e-09
6.56353e-09
6.56353e-09
6.56353e-09
6.56353e-09
6.56353e-09
6.56353e-09
6.56353e-09
6.56353e-09
6.56353e-09
6.56353e-09
6.56353e-09
6.56353e-09
6.56353e-09
6.56353e-09
6.56353e-09
6.56353e-09
6.56353e-09
6.56353e-09
6.56353e-09
