# time = 1.50949 years
3.5414e-05
3.5414e-05
3.5414e-05
3.5414e-05
3.5414e-05
3.5414e-05
3.5414e-05
3.5414e-05
3.5414e-05
3.5414e-05
3.5414e-05
3.5414e-05
3.5414e-05
3.5414e-05
3.5414e-05
3.5414e-05
3.5414e-05
3.5414e-05
3.5414e-05
3.5414e-05
3.5414e-05
3.5414e-05
3.5414e-05
3.5414e-05
3.54141e-05
3.54141e-05
3.54141e-05
3.54141e-05
3.54141e-05
3.54132e-05
3.53325e-05
2.88483e-05
1.01517e-06
1.03106e-08
1.00376e-10
9.78273e-13
9.61921e-15
1.05533e-16
1.17793e-17
1.08515e-17
1.08373e-17
1.0832e-17
1.08266e-17
1.08209e-17
1.08151e-17
1.0809e-17
1.08027e-17
1.07962e-17
1.07896e-17
1.07826e-17
1.07754e-17
1.0768e-17
1.07602e-17
1.07522e-17
1.07439e-17
1.07354e-17
1.07265e-17
1.07172e-17
1.07077e-17
1.06977e-17
1.06875e-17
1.06768e-17
1.06657e-17
1.06543e-17
1.06424e-17
1.063e-17
1.06172e-17
1.0604e-17
1.05902e-17
1.05759e-17
1.0561e-17
1.05456e-17
1.05297e-17
1.05131e-17
1.04959e-17
1.0478e-17
1.04594e-17
1.04402e-17
1.04202e-17
1.03994e-17
1.03778e-17
1.03554e-17
1.03322e-17
1.03081e-17
1.0283e-17
1.02569e-17
1.02299e-17
1.02018e-17
1.01726e-17
1.01423e-17
1.01108e-17
1.00781e-17
1.00441e-17
1.00088e-17
9.97211e-18
9.934e-18
9.8944e-18
9.85327e-18
9.81053e-18
9.76612e-18
