# time = 0.257718 years
7.1028e-05
7.1028e-05
7.1028e-05
7.1028e-05
7.1028e-05
7.1028e-05
7.1028e-05
7.1028e-05
7.10279e-05
7.10275e-05
7.10258e-05
7.10202e-05
7.10029e-05
7.09549e-05
7.08349e-05
7.05629e-05
7.00019e-05
6.89459e-05
6.71273e-05
6.42558e-05
6.00922e-05
5.45406e-05
4.77274e-05
4.00254e-05
3.20026e-05
2.43006e-05
1.74874e-05
1.19358e-05
7.77215e-06
4.90066e-06
3.08205e-06
2.02608e-06
1.4651e-06
1.19311e-06
1.07311e-06
1.02511e-06
1.00778e-06
1.00216e-06
1.00053e-06
1.00012e-06
1.00002e-06
1e-06
1e-06
1e-06
1e-06
1e-06
1e-06
1e-06
1e-06
1e-06
1e-06
1e-06
1e-06
1e-06
1e-06
1e-06
1e-06
1e-06
1e-06
1e-06
1e-06
1e-06
1e-06
1e-06
1e-06
1e-06
1e-06
1e-06
1e-06
1e-06
1e-06
1e-06
1e-06
1e-06
1e-06
1e-06
1e-06
1e-06
1e-06
1e-06
1e-06
1e-06
1e-06
1e-06
1e-06
1e-06
1e-06
1e-06
1e-06
1e-06
1e-06
1e-06
1e-06
1e-06
1e-06
1e-06
1e-06
1e-06
1e-06
1e-06
