# time = 1.4569 years
3.5414e-05
3.5414e-05
3.5414e-05
3.5414e-05
3.5414e-05
3.5414e-05
3.5414e-05
3.5414e-05
3.5414e-05
3.5414e-05
3.5414e-05
3.5414e-05
3.5414e-05
3.5414e-05
3.5414e-05
3.5414e-05
3.5414e-05
3.5414e-05
3.5414e-05
3.5414e-05
3.54141e-05
3.54141e-05
3.54141e-05
3.54141e-05
3.54141e-05
3.54141e-05
3.54141e-05
3.54141e-05
3.54126e-05
3.52697e-05
2.48406e-05
5.82244e-07
5.72366e-09
5.54471e-11
5.43531e-13
5.37317e-15
6.36842e-17
1.1348e-17
1.08278e-17
1.08168e-17
1.08106e-17
1.08043e-17
1.07977e-17
1.07909e-17
1.07839e-17
1.07766e-17
1.0769e-17
1.07612e-17
1.07531e-17
1.07447e-17
1.0736e-17
1.07269e-17
1.07175e-17
1.07078e-17
1.06978e-17
1.06873e-17
1.06765e-17
1.06653e-17
1.06536e-17
1.06415e-17
1.0629e-17
1.0616e-17
1.06025e-17
1.05885e-17
1.0574e-17
1.05589e-17
1.05433e-17
1.05271e-17
1.05102e-17
1.04927e-17
1.04745e-17
1.04557e-17
1.04361e-17
1.04158e-17
1.03947e-17
1.03728e-17
1.035e-17
1.03264e-17
1.03018e-17
1.02763e-17
1.02498e-17
1.02223e-17
1.01937e-17
1.01641e-17
1.01332e-17
1.01012e-17
1.00679e-17
1.00334e-17
9.99746e-18
9.96015e-18
9.92139e-18
9.88111e-18
9.83927e-18
9.79578e-18
9.7506e-18
9.70365e-18
9.65486e-18
9.60417e-18
9.55149e-18
9.49674e-18
