# time = 0.757376 years
3.5414e-05
3.5414e-05
3.5414e-05
3.5414e-05
3.5414e-05
3.5414e-05
3.5414e-05
3.5414e-05
3.5414e-05
3.5414e-05
3.5414e-05
3.5414e-05
3.5414e-05
3.54125e-05
3.52771e-05
2.53453e-05
6.2202e-07
6.14287e-09
5.95838e-11
5.84236e-13
5.7799e-15
6.90163e-17
1.27074e-17
1.2199e-17
1.22415e-17
1.22916e-17
1.23442e-17
1.23989e-17
1.24553e-17
1.2514e-17
1.25753e-17
1.26394e-17
1.27059e-17
1.27748e-17
1.28464e-17
1.29212e-17
1.29991e-17
1.30801e-17
1.31643e-17
1.32517e-17
1.33427e-17
1.34375e-17
1.35362e-17
1.36387e-17
1.37453e-17
1.38561e-17
1.39714e-17
1.40914e-17
1.42161e-17
1.43455e-17
1.44796e-17
1.46183e-17
1.47613e-17
1.4908e-17
1.50572e-17
1.52069e-17
1.53544e-17
1.54958e-17
1.56258e-17
1.57375e-17
1.58224e-17
1.58703e-17
1.58693e-17
1.58069e-17
1.567e-17
1.54461e-17
1.51242e-17
1.46959e-17
1.4156e-17
1.35034e-17
1.27416e-17
1.18786e-17
1.09268e-17
9.90278e-18
8.82704e-18
7.72473e-18
6.6262e-18
5.56734e-18
4.58748e-18
3.72289e-18
2.99452e-18
2.39744e-18
1.90835e-18
1.50966e-18
1.20004e-18
9.82115e-19
8.53178e-19
8.12294e-19
8.7376e-19
1.07735e-18
1.37502e-18
1.49852e-18
1.52396e-18
1.53049e-18
1.53276e-18
1.53371e-18
1.53414e-18
1.53434e-18
1.53443e-18
1.53447e-18
