# time = 0.757376 years
0.000253044
0.000253288
0.000253532
0.000253777
0.000254021
0.000254265
0.000254509
0.000254753
0.000254997
0.000255241
0.000255485
0.000255728
0.000255972
0.000256216
0.00025646
0.000256704
0.000256948
0.000257191
0.000257435
0.000257679
0.000257923
0.000258166
0.00025841
0.000258654
0.000258897
0.000259141
0.000259384
0.000259628
0.000259871
0.000260115
0.000260358
0.000260602
0.000260845
0.000261089
0.000261332
0.000261576
0.000261819
0.000262062
0.000262306
0.000262549
0.000262792
0.000263035
0.000263279
0.000263522
0.000263765
0.000264008
0.00026425
0.000264493
0.000264734
0.000264973
0.00026521
0.000265441
0.000265663
0.00026587
0.000266052
0.000266197
0.000266286
0.000266293
0.000266186
0.000265923
0.000265455
0.000264729
0.000263684
0.000262264
0.000260417
0.000258103
0.000255301
0.000252009
0.000248256
0.00024409
0.000239586
0.000234834
0.000229932
0.000224979
0.000220061
0.000215248
0.000210588
0.000206106
0.000201818
0.000197768
0.000194097
0.000191076
0.000188961
0.000187744
0.000187141
0.000186843
0.000186681
0.000186587
0.00018653
0.000186496
0.000186477
0.000186466
0.000186461
0.000186459
0.000186457
0.000186457
0.000186456
0.000186456
0.000186456
0.000186456
