# time = 0.557513 years
7.1028e-05
7.1028e-05
7.1028e-05
7.1028e-05
7.1028e-05
7.1028e-05
7.1028e-05
7.1028e-05
7.1028e-05
7.1028e-05
7.1028e-05
7.1028e-05
7.1028e-05
7.1028e-05
7.1028e-05
7.1028e-05
7.1028e-05
7.1028e-05
7.1028e-05
7.1028e-05
7.1028e-05
7.1028e-05
7.1028e-05
7.1028e-05
7.1028e-05
7.1028e-05
7.1028e-05
7.1028e-05
7.10279e-05
7.10278e-05
7.10275e-05
7.10269e-05
7.10253e-05
7.10218e-05
7.10143e-05
7.09992e-05
7.09699e-05
7.09152e-05
7.08174e-05
7.06492e-05
7.03718e-05
6.9932e-05
6.92618e-05
6.82799e-05
6.68963e-05
6.50208e-05
6.25745e-05
5.95036e-05
5.57929e-05
5.14764e-05
4.66419e-05
4.14282e-05
3.6014e-05
3.05998e-05
2.53861e-05
2.05516e-05
1.62351e-05
1.25244e-05
9.45349e-06
7.00717e-06
5.13165e-06
3.74807e-06
2.76618e-06
2.096e-06
1.65619e-06
1.37878e-06
1.21065e-06
1.11278e-06
1.05809e-06
1.02876e-06
1.01368e-06
1.00624e-06
1.00273e-06
1.00115e-06
1.00046e-06
1.00018e-06
1.00006e-06
1.00002e-06
1.00001e-06
1e-06
1e-06
1e-06
1e-06
1e-06
1e-06
1e-06
1e-06
1e-06
1e-06
1e-06
1e-06
1e-06
1e-06
1e-06
1e-06
1e-06
1e-06
1e-06
1e-06
1e-06
