# time = 0 years
2.1593e-08
2.1593e-08
2.1593e-08
2.1593e-08
2.1593e-08
2.1593e-08
2.1593e-08
2.1593e-08
2.1593e-08
2.1593e-08
2.1593e-08
2.1593e-08
2.1593e-08
2.1593e-08
2.1593e-08
2.1593e-08
2.1593e-08
2.1593e-08
2.1593e-08
2.1593e-08
2.1593e-08
2.1593e-08
2.1593e-08
2.1593e-08
2.1593e-08
2.1593e-08
2.1593e-08
2.1593e-08
2.1593e-08
2.1593e-08
2.1593e-08
2.1593e-08
2.1593e-08
2.1593e-08
2.1593e-08
2.1593e-08
2.1593e-08
2.1593e-08
2.1593e-08
2.1593e-08
2.1593e-08
2.1593e-08
2.1593e-08
2.1593e-08
2.1593e-08
2.1593e-08
2.1593e-08
2.1593e-08
2.1593e-08
2.1593e-08
2.1593e-08
2.1593e-08
2.1593e-08
2.1593e-08
2.1593e-08
2.1593e-08
2.1593e-08
2.1593e-08
2.1593e-08
2.1593e-08
2.1593e-08
2.1593e-08
2.1593e-08
2.1593e-08
2.1593e-08
2.1593e-08
2.1593e-08
2.1593e-08
2.1593e-08
2.1593e-08
2.1593e-08
2.1593e-08
2.1593e-08
2.1593e-08
2.1593e-08
2.1593e-08
2.1593e-08
2.1593e-08
2.1593e-08
2.1593e-08
2.1593e-08
2.1593e-08
2.1593e-08
2.1593e-08
2.1593e-08
2.1593e-08
2.1593e-08
2.1593e-08
2.1593e-08
2.1593e-08
2.1593e-08
2.1593e-08
2.1593e-08
2.1593e-08
2.1593e-08
2.1593e-08
2.1593e-08
2.1593e-08
2.1593e-08
2.1593e-08
