# time = 1.00983 years
0.000253044
0.000253288
0.000253532
0.000253777
0.000254021
0.000254265
0.000254509
0.000254753
0.000254997
0.000255241
0.000255485
0.000255728
0.000255972
0.000256216
0.00025646
0.000256704
0.000256948
0.000257191
0.000257435
0.000257679
0.000257923
0.000258166
0.00025841
0.000258654
0.000258897
0.000259141
0.000259384
0.000259628
0.000259871
0.000260115
0.000260358
0.000260602
0.000260845
0.000261089
0.000261332
0.000261576
0.000261819
0.000262062
0.000262306
0.000262549
0.000262792
0.000263035
0.000263279
0.000263522
0.000263765
0.000264008
0.000264251
0.000264494
0.000264737
0.00026498
0.000265223
0.000265466
0.000265709
0.000265952
0.000266195
0.000266438
0.000266681
0.000266924
0.000267167
0.00026741
0.000267653
0.000267895
0.000268138
0.000268381
0.000268623
0.000268866
0.000269108
0.00026935
0.000269591
0.000269832
0.00027007
0.000270306
0.000270537
0.000270761
0.000270973
0.000271169
0.00027134
0.000271476
0.000271562
0.00027158
0.000271507
0.000271317
0.000270977
0.000270452
0.000269703
0.000268692
0.000267381
0.000265737
0.000263732
0.000261351
0.000258587
0.000255451
0.000251965
0.000248164
0.000244095
0.000239813
0.000235375
0.000230839
0.000226256
0.000221668
