# time = 0.757376 years
0.00127993
0.00127915
0.00127838
0.0012776
0.00127683
0.00127605
0.00127528
0.0012745
0.00127373
0.00127295
0.00127218
0.0012714
0.00127063
0.00126985
0.00126918
0.00127538
0.00128442
0.00128442
0.00128344
0.00128238
0.0012816
0.00128093
0.00128018
0.00127938
0.00127859
0.00127782
0.00127705
0.00127628
0.0012755
0.00127472
0.00127395
0.00127317
0.0012724
0.00127162
0.00127085
0.00127007
0.0012693
0.00126852
0.00126775
0.00126697
0.0012662
0.00126542
0.00126465
0.00126387
0.00126309
0.00126231
0.00126153
0.00126074
0.00125993
0.00125908
0.00125818
0.00125717
0.00125598
0.0012545
0.00125254
0.00124986
0.00124608
0.00124073
0.00123318
0.00122265
0.00120824
0.00118892
0.00116364
0.0011314
0.00109133
0.00104288
0.000985842
0.00092053
0.000847788
0.000769003
0.000686042
0.000601133
0.000516695
0.000435149
0.000358726
0.000289298
0.000228255
0.000176434
0.000134082
0.000100808
7.54878e-05
5.62972e-05
4.12805e-05
2.92326e-05
1.983e-05
1.29412e-05
8.17797e-06
5.02259e-06
3.00444e-06
1.75404e-06
1.00149e-06
5.60105e-07
3.08684e-07
1.70045e-07
9.60653e-08
5.7844e-08
3.87177e-08
2.94468e-08
2.50944e-08
2.3116e-08
