# time = 0.857308 years
7.1028e-05
7.1028e-05
7.1028e-05
7.1028e-05
7.1028e-05
7.1028e-05
7.1028e-05
7.1028e-05
7.1028e-05
7.1028e-05
7.1028e-05
7.1028e-05
7.1028e-05
7.1028e-05
7.1028e-05
7.1028e-05
7.1028e-05
7.1028e-05
7.1028e-05
7.1028e-05
7.1028e-05
7.1028e-05
7.1028e-05
7.1028e-05
7.1028e-05
7.1028e-05
7.1028e-05
7.1028e-05
7.1028e-05
7.1028e-05
7.1028e-05
7.1028e-05
7.1028e-05
7.1028e-05
7.1028e-05
7.1028e-05
7.1028e-05
7.1028e-05
7.1028e-05
7.1028e-05
7.1028e-05
7.1028e-05
7.1028e-05
7.1028e-05
7.1028e-05
7.1028e-05
7.1028e-05
7.1028e-05
7.1028e-05
7.1028e-05
7.1028e-05
7.10279e-05
7.10278e-05
7.10275e-05
7.10271e-05
7.10261e-05
7.10243e-05
7.1021e-05
7.10149e-05
7.10041e-05
7.09857e-05
7.09549e-05
7.09048e-05
7.08252e-05
7.0702e-05
7.05164e-05
7.02435e-05
6.98525e-05
6.93063e-05
6.85621e-05
6.75735e-05
6.62924e-05
6.46733e-05
6.26771e-05
6.02763e-05
5.74594e-05
5.42348e-05
5.06332e-05
4.67084e-05
4.25352e-05
3.82056e-05
3.38224e-05
2.94928e-05
2.53196e-05
2.13948e-05
1.77932e-05
1.45686e-05
1.17517e-05
9.35086e-06
7.35469e-06
5.73557e-06
4.45451e-06
3.46587e-06
2.72173e-06
2.1755e-06
1.78451e-06
1.51164e-06
1.32597e-06
1.20282e-06
1.12321e-06
