# time = 1.05717 years
3.54142e-05
3.54142e-05
3.54142e-05
3.54142e-05
3.54142e-05
3.54142e-05
3.54142e-05
3.54141e-05
3.54141e-05
3.54141e-05
3.54141e-05
3.54141e-05
3.54141e-05
3.5414e-05
3.5414e-05
3.5414e-05
3.5414e-05
3.5414e-05
3.5414e-05
3.54138e-05
3.53937e-05
3.36298e-05
3.85007e-06
4.19783e-08
4.21036e-10
4.15953e-12
4.07771e-14
4.10254e-16
1.4448e-17
1.05379e-17
1.04805e-17
1.04604e-17
1.04398e-17
1.04184e-17
1.03962e-17
1.03731e-17
1.03492e-17
1.03243e-17
1.02985e-17
1.02716e-17
1.02437e-17
1.02147e-17
1.01846e-17
1.01533e-17
1.01208e-17
1.0087e-17
1.00519e-17
1.00154e-17
9.97749e-18
9.93809e-18
9.89714e-18
9.85459e-18
9.81037e-18
9.76443e-18
9.71668e-18
9.66705e-18
9.61546e-18
9.56184e-18
9.50611e-18
9.44821e-18
9.38802e-18
9.32545e-18
9.26041e-18
9.1928e-18
9.12254e-18
9.04951e-18
8.9736e-18
8.89469e-18
8.81265e-18
8.72736e-18
8.63869e-18
8.54649e-18
8.45061e-18
8.35087e-18
8.24708e-18
8.13897e-18
8.02629e-18
7.90869e-18
7.78577e-18
7.65704e-18
7.52186e-18
7.3795e-18
7.22907e-18
7.06953e-18
6.89974e-18
6.71847e-18
6.52447e-18
6.31655e-18
6.09367e-18
5.8551e-18
5.6005e-18
5.33009e-18
5.04472e-18
4.74593e-18
4.43597e-18
4.11773e-18
3.79461e-18
3.47034e-18
3.14881e-18
2.83379e-18
