# time = 1.00983 years
7.1028e-05
7.1028e-05
7.1028e-05
7.1028e-05
7.1028e-05
7.1028e-05
7.1028e-05
7.1028e-05
7.1028e-05
7.1028e-05
7.1028e-05
7.1028e-05
7.1028e-05
7.1028e-05
7.1028e-05
7.1028e-05
7.1028e-05
7.1028e-05
7.1028e-05
7.1028e-05
7.1028e-05
7.1028e-05
7.1028e-05
7.1028e-05
7.1028e-05
7.1028e-05
7.1028e-05
7.1028e-05
7.1028e-05
7.1028e-05
7.1028e-05
7.1028e-05
7.1028e-05
7.1028e-05
7.1028e-05
7.1028e-05
7.1028e-05
7.1028e-05
7.1028e-05
7.1028e-05
7.1028e-05
7.1028e-05
7.1028e-05
7.1028e-05
7.1028e-05
7.1028e-05
7.1028e-05
7.1028e-05
7.1028e-05
7.1028e-05
7.1028e-05
7.1028e-05
7.1028e-05
7.1028e-05
7.1028e-05
7.1028e-05
7.1028e-05
7.1028e-05
7.1028e-05
7.1028e-05
7.1028e-05
7.1028e-05
7.1028e-05
7.10279e-05
7.10278e-05
7.10276e-05
7.10272e-05
7.10264e-05
7.10251e-05
7.10226e-05
7.10184e-05
7.10111e-05
7.0999e-05
7.09793e-05
7.09479e-05
7.08989e-05
7.08241e-05
7.07124e-05
7.05491e-05
7.03156e-05
6.99886e-05
6.95405e-05
6.89395e-05
6.81502e-05
6.71353e-05
6.58578e-05
6.42831e-05
6.23827e-05
6.01368e-05
5.75375e-05
5.45917e-05
5.13222e-05
4.77683e-05
4.39852e-05
4.00411e-05
3.6014e-05
3.19869e-05
2.80428e-05
2.42597e-05
2.07058e-05
