# time = 1.00983 years
2.91673e-05
2.94256e-05
2.96839e-05
2.99423e-05
3.02006e-05
3.04589e-05
3.07172e-05
3.09755e-05
3.12338e-05
3.14922e-05
3.17505e-05
3.20088e-05
3.22671e-05
3.25254e-05
3.27837e-05
3.30421e-05
3.33004e-05
3.35587e-05
3.3817e-05
3.40753e-05
3.43336e-05
3.4592e-05
3.48503e-05
3.51086e-05
3.53669e-05
3.56252e-05
3.58835e-05
3.61419e-05
3.64002e-05
3.66585e-05
3.69168e-05
3.71751e-05
3.74334e-05
3.76918e-05
3.79501e-05
3.82084e-05
3.84667e-05
3.8725e-05
3.89833e-05
3.92417e-05
3.95e-05
3.97583e-05
4.00166e-05
4.02749e-05
4.05332e-05
4.07915e-05
4.10499e-05
4.13082e-05
4.15665e-05
4.18248e-05
4.20831e-05
4.23414e-05
4.25998e-05
4.28581e-05
4.31164e-05
4.33747e-05
4.3633e-05
4.38913e-05
4.41497e-05
4.4408e-05
4.46663e-05
4.49246e-05
4.51829e-05
4.54412e-05
4.56995e-05
4.59577e-05
4.62158e-05
4.64738e-05
4.67315e-05
4.69888e-05
4.72453e-05
4.75005e-05
4.77536e-05
4.80034e-05
4.8248e-05
4.8485e-05
4.87106e-05
4.89198e-05
4.91061e-05
4.92609e-05
4.93735e-05
4.94309e-05
4.94179e-05
4.93169e-05
4.91092e-05
4.87748e-05
4.82938e-05
4.76474e-05
4.68194e-05
4.57967e-05
4.4571e-05
4.3139e-05
4.15027e-05
3.96693e-05
3.765e-05
3.54586e-05
3.31102e-05
3.06186e-05
2.79951e-05
2.52466e-05
