# time = 0.35765 years
0.00127993
0.00127915
0.00127838
0.0012776
0.00127683
0.00127607
0.00127654
0.00129127
0.00129055
0.00128994
0.00128952
0.0012888
0.0012879
0.00128707
0.00128633
0.00128558
0.00128479
0.00128397
0.00128311
0.00128212
0.00128083
0.0012789
0.00127572
0.00127024
0.00126086
0.00124532
0.00122072
0.00118383
0.00113153
0.00106158
0.000973319
0.000868321
0.000750563
0.000626078
0.000502083
0.000385786
0.000283197
0.000198258
0.000132484
8.50929e-05
5.32448e-05
3.23591e-05
1.83605e-05
9.5898e-06
4.68035e-06
2.15209e-06
9.37882e-07
3.89875e-07
1.59291e-07
6.94503e-08
3.70484e-08
2.6241e-08
2.2915e-08
2.19736e-08
2.17295e-08
2.16718e-08
2.16595e-08
2.16571e-08
2.16567e-08
2.16566e-08
2.16566e-08
2.16566e-08
2.16566e-08
2.16566e-08
2.16566e-08
2.16566e-08
2.16566e-08
2.16566e-08
2.16566e-08
2.16566e-08
2.16566e-08
2.16566e-08
2.16566e-08
2.16566e-08
2.16566e-08
2.16566e-08
2.16566e-08
2.16566e-08
2.16566e-08
2.16566e-08
2.16566e-08
2.16566e-08
2.16566e-08
2.16566e-08
2.16566e-08
2.16566e-08
2.16566e-08
2.16566e-08
2.16566e-08
2.16566e-08
2.16566e-08
2.16566e-08
2.16566e-08
2.16566e-08
2.16566e-08
2.16566e-08
2.16566e-08
2.16566e-08
2.16566e-08
2.16566e-08
