# time = 0.610108 years
0.000253044
0.000253288
0.000253532
0.000253777
0.000254021
0.000254265
0.000254509
0.000254753
0.000254997
0.000255241
0.000255485
0.000255728
0.000255972
0.000256216
0.00025646
0.000256704
0.000256948
0.000257191
0.000257435
0.000257679
0.000257923
0.000258166
0.00025841
0.000258654
0.000258897
0.000259141
0.000259384
0.000259628
0.000259871
0.000260115
0.000260358
0.000260602
0.000260845
0.000261089
0.000261332
0.000261574
0.000261816
0.000262057
0.000262294
0.000262525
0.000262745
0.000262946
0.000263115
0.000263231
0.000263267
0.000263181
0.000262923
0.000262429
0.000261624
0.00026043
0.000258767
0.000256569
0.000253788
0.000250408
0.000246451
0.000241978
0.000237088
0.000231909
0.000226582
0.000221252
0.000216042
0.000211048
0.00020633
0.000201913
0.000197811
0.000194097
0.000191002
0.000188839
0.000187656
0.000187116
0.000186863
0.000186729
0.000186655
0.000186612
0.000186589
0.000186578
0.000186573
0.00018657
0.000186569
0.000186568
0.000186568
0.000186568
0.000186568
0.000186568
0.000186568
0.000186568
0.000186568
0.000186568
0.000186568
0.000186568
0.000186568
0.000186568
0.000186568
0.000186568
0.000186568
0.000186568
0.000186568
0.000186568
0.000186568
0.000186568
