# time = 0.0578551 years
0.00128519
0.00128121
0.00122342
0.00106987
0.000803115
0.000484492
0.000220001
6.9977e-05
1.45955e-05
1.38542e-06
2.16813e-08
2.16806e-08
2.16806e-08
2.16806e-08
2.16806e-08
2.16806e-08
2.16806e-08
2.16806e-08
2.16806e-08
2.16806e-08
2.16806e-08
2.16806e-08
2.16806e-08
2.16806e-08
2.16806e-08
2.16806e-08
2.16806e-08
2.16806e-08
2.16806e-08
2.16806e-08
2.16806e-08
2.16806e-08
2.16806e-08
2.16806e-08
2.16806e-08
2.16806e-08
2.16806e-08
2.16806e-08
2.16806e-08
2.16806e-08
2.16806e-08
2.16806e-08
2.16806e-08
2.16806e-08
2.16806e-08
2.16806e-08
2.16806e-08
2.16806e-08
2.16806e-08
2.16806e-08
2.16806e-08
2.16806e-08
2.16806e-08
2.16806e-08
2.16806e-08
2.16806e-08
2.16806e-08
2.16806e-08
2.16806e-08
2.16806e-08
2.16806e-08
2.16806e-08
2.16806e-08
2.16806e-08
2.16806e-08
2.16806e-08
2.16806e-08
2.16806e-08
2.16806e-08
2.16806e-08
2.16806e-08
2.16806e-08
2.16806e-08
2.16806e-08
2.16806e-08
2.16806e-08
2.16806e-08
2.16806e-08
2.16806e-08
2.16806e-08
2.16806e-08
2.16806e-08
2.16806e-08
2.16806e-08
2.16806e-08
2.16806e-08
2.16806e-08
2.16806e-08
2.16806e-08
2.16806e-08
2.16806e-08
2.16806e-08
2.16806e-08
2.16806e-08
2.16806e-08
2.16806e-08
2.16806e-08
2.16806e-08
2.16806e-08
2.16806e-08
