# time = 0.909903 years
3.5414e-05
3.5414e-05
3.5414e-05
3.5414e-05
3.5414e-05
3.5414e-05
3.5414e-05
3.5414e-05
3.5414e-05
3.5414e-05
3.5414e-05
3.5414e-05
3.5414e-05
3.5414e-05
3.5414e-05
3.5414e-05
3.54135e-05
3.53731e-05
3.19336e-05
1.979e-06
2.09393e-08
2.07524e-10
2.02981e-12
1.98788e-14
2.05649e-16
1.21706e-17
1.02353e-17
1.01862e-17
1.01544e-17
1.01215e-17
1.00874e-17
1.00519e-17
1.00151e-17
9.97677e-18
9.93693e-18
9.89557e-18
9.8526e-18
9.80791e-18
9.76144e-18
9.71315e-18
9.66298e-18
9.61085e-18
9.55665e-18
9.50029e-18
9.4417e-18
9.38082e-18
9.31756e-18
9.2518e-18
9.18343e-18
9.11234e-18
9.03844e-18
8.96164e-18
8.88183e-18
8.79886e-18
8.71259e-18
8.62289e-18
8.52963e-18
8.43269e-18
8.33193e-18
8.22715e-18
8.11818e-18
8.00478e-18
7.88675e-18
7.76381e-18
7.63566e-18
7.50188e-18
7.36195e-18
7.21522e-18
7.0609e-18
6.89803e-18
6.72551e-18
6.54208e-18
6.34637e-18
6.13698e-18
5.91258e-18
5.67212e-18
5.41492e-18
5.14093e-18
4.85083e-18
4.54613e-18
4.22924e-18
3.90338e-18
3.57248e-18
3.24094e-18
2.91335e-18
2.59421e-18
2.28758e-18
1.99691e-18
1.72493e-18
1.47361e-18
1.24442e-18
1.03843e-18
8.56633e-19
6.99838e-19
5.68287e-19
4.60739e-19
3.7382e-19
3.02931e-19
2.44462e-19
1.97027e-19
