# time = 0.857308 years
2.91673e-05
2.94256e-05
2.96839e-05
2.99423e-05
3.02006e-05
3.04589e-05
3.07172e-05
3.09755e-05
3.12338e-05
3.14922e-05
3.17505e-05
3.20088e-05
3.22671e-05
3.25254e-05
3.27837e-05
3.30421e-05
3.33004e-05
3.35587e-05
3.3817e-05
3.40753e-05
3.43336e-05
3.4592e-05
3.48503e-05
3.51086e-05
3.53669e-05
3.56252e-05
3.58835e-05
3.61419e-05
3.64002e-05
3.66585e-05
3.69168e-05
3.71751e-05
3.74334e-05
3.76918e-05
3.79501e-05
3.82084e-05
3.84667e-05
3.8725e-05
3.89833e-05
3.92417e-05
3.95e-05
3.97583e-05
4.00166e-05
4.02749e-05
4.05332e-05
4.07915e-05
4.10499e-05
4.13082e-05
4.15665e-05
4.18248e-05
4.20831e-05
4.23414e-05
4.25997e-05
4.28579e-05
4.3116e-05
4.33739e-05
4.36315e-05
4.38883e-05
4.4144e-05
4.43977e-05
4.46481e-05
4.48932e-05
4.51298e-05
4.53535e-05
4.55581e-05
4.57352e-05
4.58734e-05
4.59589e-05
4.59742e-05
4.58992e-05
4.57112e-05
4.53859e-05
4.48987e-05
4.42263e-05
4.33488e-05
4.22511e-05
4.09247e-05
3.93687e-05
3.75902e-05
3.56031e-05
3.34274e-05
3.10863e-05
2.86036e-05
2.6001e-05
2.32947e-05
2.04948e-05
1.76048e-05
1.46268e-05
1.15781e-05
8.5289e-06
5.6574e-06
3.25371e-06
1.57267e-06
6.35981e-07
2.26098e-07
7.69414e-08
2.63441e-08
9.39815e-09
3.76397e-09
1.93429e-09
