# time = 1.35697 years
2.91584
2.91611
2.91638
2.91666
2.91693
2.9172
2.91747
2.91774
2.91801
2.91828
2.91856
2.91883
2.9191
2.91937
2.91965
2.91992
2.92019
2.92046
2.92074
2.92101
2.92129
2.92156
2.92183
2.92211
2.92238
2.92266
2.92293
2.92315
2.92093
2.92075
2.9211
2.92154
2.92183
2.92205
2.9223
2.92258
2.92287
2.92314
2.92341
2.92368
2.92396
2.92423
2.92451
2.92478
2.92506
2.92533
2.92561
2.92588
2.92616
2.92643
2.92671
2.92698
2.92726
2.92754
2.92781
2.92809
2.92837
2.92864
2.92892
2.9292
2.92947
2.92975
2.93003
2.93031
2.93059
2.93086
2.93114
2.93142
2.9317
2.93198
2.93226
2.93254
2.93282
2.9331
2.93338
2.93366
2.93394
2.93422
2.9345
2.93478
2.93506
2.93534
2.93562
2.9359
2.93618
2.93646
2.93675
2.93703
2.93731
2.93759
2.93788
2.93816
2.93844
2.93873
2.93901
2.9393
2.93959
2.93988
2.94018
2.94049
