# time = 0.310314 years
2.91584
2.91611
2.91638
2.91666
2.91692
2.91687
2.91452
2.91517
2.91537
2.91551
2.91577
2.91609
2.91637
2.91664
2.91691
2.91723
2.91763
2.9182
2.91916
2.92089
2.92401
2.92948
2.93863
2.95315
2.97508
3.00664
3.05017
3.108
3.18238
3.27542
3.3891
3.52515
3.68493
3.86882
4.07482
4.29773
4.5393
4.8225
5.16386
5.58753
6.207
6.99402
7.33443
7.44786
7.48457
7.49579
7.49894
7.49974
7.49992
7.49996
7.49997
7.49997
7.49997
7.49997
7.49997
7.49997
7.49997
7.49997
7.49997
7.49997
7.49997
7.49997
7.49997
7.49997
7.49997
7.49997
7.49997
7.49997
7.49997
7.49997
7.49997
7.49997
7.49997
7.49997
7.49997
7.49997
7.49997
7.49997
7.49997
7.49997
7.49997
7.49997
7.49997
7.49997
7.49997
7.49997
7.49997
7.49997
7.49997
7.49997
7.49997
7.49997
7.49997
7.49997
7.49997
7.49997
7.49997
7.49997
7.49997
7.49997
