# time = 1.1571 years
2.91584
2.91611
2.91638
2.91666
2.91693
2.9172
2.91747
2.91774
2.91801
2.91828
2.91856
2.91883
2.9191
2.91937
2.91965
2.91992
2.92019
2.92046
2.92074
2.92101
2.92129
2.92156
2.92183
2.92193
2.91908
2.91984
2.92026
2.92046
2.92065
2.92093
2.92123
2.92151
2.92177
2.92204
2.92232
2.92259
2.92287
2.92314
2.92341
2.92369
2.92396
2.92423
2.92451
2.92478
2.92506
2.92533
2.92561
2.92588
2.92616
2.92643
2.92671
2.92699
2.92726
2.92754
2.92781
2.92809
2.92837
2.92864
2.92892
2.9292
2.92948
2.92975
2.93003
2.93031
2.93059
2.93086
2.93114
2.93142
2.9317
2.93198
2.93226
2.93254
2.93282
2.9331
2.93338
2.93366
2.93394
2.93422
2.9345
2.93479
2.93508
2.93537
2.93568
2.936
2.93634
2.93672
2.93716
2.93768
2.93833
2.93914
2.94019
2.94156
2.94336
2.94572
2.94881
2.95282
2.95796
2.96447
2.97264
2.98276
