# time = 0.909903 years
2.91584
2.91611
2.91638
2.91666
2.91693
2.9172
2.91747
2.91774
2.91801
2.91828
2.91856
2.91883
2.9191
2.91937
2.91965
2.91992
2.92019
2.92046
2.92012
2.9184
2.91867
2.91875
2.91899
2.91932
2.91962
2.91988
2.92013
2.92041
2.92069
2.92096
2.92123
2.9215
2.92177
2.92205
2.92232
2.92259
2.92287
2.92314
2.92341
2.92369
2.92396
2.92424
2.92451
2.92478
2.92506
2.92533
2.92561
2.92588
2.92616
2.92643
2.92671
2.92699
2.92726
2.92754
2.92781
2.92809
2.92837
2.92865
2.92893
2.92921
2.9295
2.92979
2.9301
2.93044
2.93081
2.93125
2.93178
2.93247
2.93338
2.93462
2.93631
2.93862
2.94177
2.946
2.95164
2.95901
2.96852
2.98058
2.99565
3.01422
3.03675
3.06376
3.09573
3.13316
3.17653
3.2263
3.28291
3.34679
3.41828
3.49765
3.58497
3.68
3.78196
3.88929
3.99967
4.11101
4.22368
4.3421
4.47288
4.62085
