# time = 0.35765 years
2.91584
2.91611
2.91638
2.91666
2.91693
2.91719
2.91716
2.91475
2.91543
2.91565
2.91579
2.91604
2.91635
2.91664
2.9169
2.91716
2.91744
2.91772
2.91802
2.91836
2.91881
2.91947
2.92055
2.92242
2.92563
2.931
2.93962
2.95289
2.97242
3
3.03753
3.0869
3.14998
3.22852
3.32418
3.43848
3.57272
3.72769
3.90308
4.09612
4.30184
4.52363
4.78159
5.08848
5.45769
5.95082
6.69962
7.20827
7.39735
7.46526
7.4889
7.49668
7.49907
7.49974
7.49991
7.49996
7.49997
7.49997
7.49997
7.49997
7.49997
7.49997
7.49997
7.49997
7.49997
7.49997
7.49997
7.49997
7.49997
7.49997
7.49997
7.49997
7.49997
7.49997
7.49997
7.49997
7.49997
7.49997
7.49997
7.49997
7.49997
7.49997
7.49997
7.49997
7.49997
7.49997
7.49997
7.49997
7.49997
7.49997
7.49997
7.49997
7.49997
7.49997
7.49997
7.49997
7.49997
7.49997
7.49997
7.49997
