# time = 0.809972 years
2.91584
2.91611
2.91638
2.91666
2.91693
2.9172
2.91747
2.91774
2.91801
2.91828
2.91856
2.91883
2.9191
2.91937
2.91965
2.9199
2.91912
2.91794
2.91796
2.91814
2.91849
2.91882
2.91907
2.91932
2.91959
2.91987
2.92014
2.92041
2.92068
2.92096
2.92123
2.9215
2.92177
2.92205
2.92232
2.92259
2.92287
2.92314
2.92341
2.92369
2.92396
2.92424
2.92451
2.92478
2.92506
2.92533
2.92561
2.92588
2.92616
2.92644
2.92672
2.927
2.92728
2.92758
2.92789
2.92823
2.92863
2.9291
2.9297
2.93051
2.93161
2.93314
2.9353
2.9383
2.94243
2.94805
2.95555
2.96538
2.97805
2.9941
3.01409
3.03858
3.06818
3.10346
3.145
3.19335
3.24906
3.31262
3.38451
3.46511
3.55463
3.65305
3.75979
3.8735
3.99183
4.11217
4.23422
4.36257
4.50491
4.66678
4.84924
5.05232
5.27949
5.54091
5.86121
6.2943
6.80285
7.13749
7.31375
7.40521
