# time = 0.757376 years
2.91584
2.91611
2.91638
2.91666
2.91693
2.9172
2.91747
2.91774
2.91801
2.91828
2.91856
2.91883
2.9191
2.91937
2.91962
2.91826
2.9175
2.91756
2.9179
2.91828
2.91855
2.91878
2.91904
2.91932
2.9196
2.91987
2.92014
2.92041
2.92069
2.92096
2.92123
2.9215
2.92177
2.92205
2.92232
2.92259
2.92287
2.92314
2.92341
2.92369
2.92396
2.92424
2.92451
2.92479
2.92506
2.92534
2.92561
2.9259
2.92618
2.92648
2.9268
2.92716
2.92758
2.9281
2.92878
2.92972
2.93103
2.9329
2.93555
2.93926
2.9444
2.95137
2.96067
2.97282
2.98842
3.00806
3.03239
3.06205
3.09768
3.13991
3.18936
3.24662
3.31224
3.38675
3.47056
3.56393
3.66681
3.77862
3.8978
4.02178
4.14793
4.27682
4.41457
4.56954
4.74622
4.94483
5.16676
5.41902
5.71988
6.11436
6.64035
7.0568
7.27714
7.38898
7.44548
7.47376
7.48767
7.49435
7.49747
7.49889
