# time = 0.71004 years
2.91584
2.91611
2.91638
2.91666
2.91693
2.9172
2.91747
2.91774
2.91801
2.91828
2.91856
2.91883
2.9191
2.91935
2.91791
2.9172
2.91728
2.91764
2.91801
2.91828
2.91851
2.91877
2.91905
2.91933
2.9196
2.91987
2.92014
2.92041
2.92069
2.92096
2.92123
2.9215
2.92177
2.92205
2.92232
2.92259
2.92287
2.92314
2.92341
2.92369
2.92396
2.92424
2.92451
2.92479
2.92508
2.92537
2.92569
2.92604
2.92645
2.92697
2.92765
2.9286
2.92995
2.93189
2.93468
2.93863
2.94414
2.95169
2.96182
2.97512
2.99224
3.01386
3.04068
3.07341
3.11275
3.15938
3.21396
3.27713
3.34948
3.43153
3.52367
3.62606
3.73839
3.85951
3.98712
4.11818
4.25173
4.39269
4.55018
4.73038
4.93408
5.1626
5.42341
5.73685
6.15421
6.70156
7.10076
7.30426
7.40506
7.45472
7.47889
7.49042
7.49577
7.49818
7.49923
7.49967
7.49985
7.49992
7.49995
7.49996
