# time = 1.10977 years
2.91584
2.91611
2.91638
2.91666
2.91693
2.9172
2.91747
2.91774
2.91801
2.91828
2.91856
2.91883
2.9191
2.91937
2.91965
2.91992
2.92019
2.92046
2.92074
2.92101
2.92129
2.92156
2.92164
2.91883
2.91959
2.92
2.92018
2.92038
2.92066
2.92096
2.92124
2.9215
2.92177
2.92204
2.92232
2.92259
2.92287
2.92314
2.92341
2.92369
2.92396
2.92423
2.92451
2.92478
2.92506
2.92533
2.92561
2.92588
2.92616
2.92643
2.92671
2.92699
2.92726
2.92754
2.92781
2.92809
2.92837
2.92864
2.92892
2.9292
2.92948
2.92975
2.93003
2.93031
2.93059
2.93086
2.93114
2.93142
2.9317
2.93198
2.93226
2.93254
2.93282
2.9331
2.93338
2.93367
2.93395
2.93425
2.93455
2.93487
2.93522
2.9356
2.93604
2.93657
2.93722
2.93806
2.93915
2.94059
2.94249
2.945
2.94829
2.95258
2.9581
2.96512
2.97394
2.98487
2.99826
3.01446
3.03385
3.05679
