# time = 0.857308 years
2.91584
2.91611
2.91638
2.91666
2.91693
2.9172
2.91747
2.91774
2.91801
2.91828
2.91856
2.91883
2.9191
2.91937
2.91965
2.91992
2.92018
2.91945
2.91822
2.91825
2.91841
2.91875
2.91908
2.91935
2.91959
2.91986
2.92014
2.92042
2.92069
2.92096
2.92123
2.9215
2.92177
2.92205
2.92232
2.92259
2.92287
2.92314
2.92341
2.92369
2.92396
2.92424
2.92451
2.92478
2.92506
2.92533
2.92561
2.92588
2.92616
2.92643
2.92671
2.92699
2.92726
2.92754
2.92782
2.9281
2.92839
2.92869
2.92901
2.92935
2.92975
2.93022
2.93083
2.93162
2.93269
2.93417
2.93622
2.93905
2.94292
2.94814
2.95507
2.96412
2.97575
2.99043
3.00869
3.03105
3.05805
3.09023
3.12813
3.17226
3.22314
3.28125
3.34703
3.42088
3.50309
3.59375
3.6926
3.79881
3.91067
4.02566
4.14178
4.26013
4.38626
4.52724
4.68723
4.86656
5.06541
5.2873
5.54188
5.85195
