# time = 1.05717 years
2.91584
2.91611
2.91638
2.91666
2.91693
2.9172
2.91747
2.91774
2.91801
2.91828
2.91856
2.91883
2.9191
2.91937
2.91965
2.91992
2.92019
2.92046
2.92074
2.92101
2.92128
2.92123
2.91883
2.91949
2.91969
2.91983
2.9201
2.92041
2.9207
2.92096
2.92122
2.9215
2.92177
2.92205
2.92232
2.92259
2.92287
2.92314
2.92341
2.92369
2.92396
2.92423
2.92451
2.92478
2.92506
2.92533
2.92561
2.92588
2.92616
2.92643
2.92671
2.92699
2.92726
2.92754
2.92781
2.92809
2.92837
2.92864
2.92892
2.9292
2.92948
2.92975
2.93003
2.93031
2.93059
2.93087
2.93114
2.93142
2.9317
2.93198
2.93226
2.93255
2.93284
2.93313
2.93344
2.93377
2.93413
2.93454
2.93502
2.93561
2.93635
2.93733
2.93862
2.94034
2.94263
2.94567
2.94967
2.95487
2.96156
2.97003
2.98063
2.99371
3.00966
3.02887
3.05174
3.07866
3.11005
3.14629
3.18778
3.23489
