+-------+-------+--------------+------------+
| x [m] | z [m] | Analytic [m] | Amanzi [m] |
+-------+-------+--------------+------------+
|  0.0  |  5.0  |   20.0000    |  19.9750   |
+-------+-------+--------------+------------+
|  2.5  |  5.0  |   19.9750    |  19.9750   |
+-------+-------+--------------+------------+
|  47.5 |  5.0  |   19.5250    |  19.5250   |
+-------+-------+--------------+------------+
|  50.0 |  5.0  |   19.5000    |  19.5000   |
+-------+-------+--------------+------------+
|  52.5 |  5.0  |   19.4750    |  19.4750   |
+-------+-------+--------------+------------+
|  97.5 |  5.0  |   19.0250    |  19.0250   |
+-------+-------+--------------+------------+
| 100.0 |  5.0  |   19.0000    |  19.0250   |
+-------+-------+--------------+------------+
|  0.0  |  5.0  |   20.0000    |  19.9750   |
+-------+-------+--------------+------------+
|  2.5  |  5.0  |   19.9750    |  19.9750   |
+-------+-------+--------------+------------+
|  47.5 |  5.0  |   19.5250    |  19.5250   |
+-------+-------+--------------+------------+
|  50.0 |  5.0  |   19.5000    |  19.5000   |
+-------+-------+--------------+------------+
|  97.5 |  5.0  |   19.0250    |  19.0250   |
+-------+-------+--------------+------------+
|  52.5 |  5.0  |   19.4750    |  19.4750   |
+-------+-------+--------------+------------+
| 100.0 |  5.0  |   19.0000    |  19.0250   |
+-------+-------+--------------+------------+