+------------+---------+---------+----------------+----------------+
|  time [s]  |  r [m]  |  z [m]  |  Analytic [m]  |   Amanzi [m]   |
+------------+---------+---------+----------------+----------------+
|    0.0     |   55.0  |   5.0   |  0.0000000000  |  0.0000000002  |
+------------+---------+---------+----------------+----------------+
|   0.0864   |   55.0  |   5.0   |  0.0000000000  |  0.0000000002  |
+------------+---------+---------+----------------+----------------+
|    0.4     |   55.0  |   5.0   |  0.0000000000  |  0.0000000002  |
+------------+---------+---------+----------------+----------------+
|   400.0    |   55.0  |   5.0   |  0.0608385188  |  0.0629245044  |
+------------+---------+---------+----------------+----------------+
|   500.0    |   55.0  |   5.0   |  0.0786216376  |  0.0807657582  |
+------------+---------+---------+----------------+----------------+
|   600.0    |   55.0  |   5.0   |  0.0947014814  |  0.0969488604  |
+------------+---------+---------+----------------+----------------+
|   5000.0   |   55.0  |   5.0   |  0.3433506196  |  0.3453863856  |
+------------+---------+---------+----------------+----------------+
|   8000.0   |   55.0  |   5.0   |  0.4058889734  |  0.4081015390  |
+------------+---------+---------+----------------+----------------+
|  10000.0   |   55.0  |   5.0   |  0.4359300429  |  0.4382260483  |
+------------+---------+---------+----------------+----------------+
|  28000.0   |   55.0  |   5.0   |  0.5762513445  |  0.5785812426  |
+------------+---------+---------+----------------+----------------+
|  35000.0   |   55.0  |   5.0   |  0.6068911106  |  0.6092667887  |
+------------+---------+---------+----------------+----------------+
|  43000.0   |   55.0  |   5.0   |  0.6351997488  |  0.6376517350  |
+------------+---------+---------+----------------+----------------+
|  81000.0   |   55.0  |   5.0   |  0.7224685054  |  0.7246603365  |
+------------+---------+---------+----------------+----------------+
|  90000.0   |   55.0  |   5.0   |  0.7370080987  |  0.7391603008  |
+------------+---------+---------+----------------+----------------+
|  100000.0  |   55.0  |   5.0   |  0.7515518940  |  0.7535713082  |
+------------+---------+---------+----------------+----------------+
|  164000.0  |   55.0  |   5.0   |  0.8198837286  |  0.8183196409  |
+------------+---------+---------+----------------+----------------+