# time = 0.71004 years
0.000253044
0.000253288
0.000253532
0.000253777
0.000254021
0.000254265
0.000254509
0.000254753
0.000254997
0.000255241
0.000255485
0.000255728
0.000255972
0.000256216
0.00025646
0.000256704
0.000256948
0.000257191
0.000257435
0.000257679
0.000257923
0.000258166
0.00025841
0.000258654
0.000258897
0.000259141
0.000259384
0.000259628
0.000259871
0.000260115
0.000260358
0.000260602
0.000260845
0.000261089
0.000261332
0.000261576
0.000261819
0.000262062
0.000262306
0.000262549
0.000262792
0.000263035
0.000263278
0.00026352
0.000263762
0.000264002
0.000264239
0.000264471
0.000264694
0.000264902
0.000265084
0.000265228
0.000265311
0.000265307
0.000265179
0.00026488
0.000264357
0.000263548
0.000262389
0.000260818
0.000258781
0.000256239
0.000253176
0.000249603
0.00024556
0.000241114
0.000236357
0.000231396
0.000226342
0.000221299
0.000216357
0.00021158
0.000207004
0.000202647
0.000198536
0.000194766
0.000191575
0.000189257
0.00018789
0.000187214
0.000186891
0.00018672
0.000186622
0.000186564
0.00018653
0.000186511
0.000186501
0.000186497
0.000186494
0.000186493
0.000186492
0.000186492
0.000186492
0.000186492
0.000186492
0.000186492
0.000186492
0.000186492
0.000186492
0.000186492
