# time = 0.157787 years
3.54134e-05
3.53453e-05
2.97906e-05
1.20124e-06
1.265e-08
1.19141e-10
1.2136e-12
1.08193e-14
1.287e-16
1.97413e-17
1.87404e-17
1.82068e-17
1.7175e-17
1.55806e-17
1.3465e-17
1.09562e-17
8.26515e-18
5.66886e-18
3.49791e-18
2.01308e-18
1.1904e-18
8.90175e-19
1.22102e-18
1.66098e-18
1.67869e-18
1.68033e-18
1.68055e-18
1.68058e-18
1.68058e-18
1.68058e-18
1.68058e-18
1.68058e-18
1.68058e-18
1.68058e-18
1.68058e-18
1.68058e-18
1.68058e-18
1.68058e-18
1.68058e-18
1.68058e-18
1.68058e-18
1.68058e-18
1.68058e-18
1.68058e-18
1.68058e-18
1.68058e-18
1.68058e-18
1.68058e-18
1.68058e-18
1.68058e-18
1.68058e-18
1.68058e-18
1.68058e-18
1.68058e-18
1.68058e-18
1.68058e-18
1.68058e-18
1.68058e-18
1.68058e-18
1.68058e-18
1.68058e-18
1.68058e-18
1.68058e-18
1.68058e-18
1.68058e-18
1.68058e-18
1.68058e-18
1.68058e-18
1.68058e-18
1.68058e-18
1.68058e-18
1.68058e-18
1.68058e-18
1.68058e-18
1.68058e-18
1.68058e-18
1.68058e-18
1.68058e-18
1.68058e-18
1.68058e-18
1.68058e-18
1.68058e-18
1.68058e-18
1.68058e-18
1.68058e-18
1.68058e-18
1.68058e-18
1.68058e-18
1.68058e-18
1.68058e-18
1.68058e-18
1.68058e-18
1.68058e-18
1.68058e-18
1.68058e-18
1.68058e-18
1.68058e-18
1.68058e-18
1.68058e-18
1.68058e-18
