# time = 0.857308 years
0.00127993
0.00127915
0.00127838
0.0012776
0.00127683
0.00127605
0.00127528
0.0012745
0.00127373
0.00127295
0.00127218
0.0012714
0.00127063
0.00126985
0.00126908
0.0012683
0.00126758
0.00127098
0.00128221
0.00128244
0.00128199
0.00128101
0.00128007
0.00127932
0.00127861
0.00127785
0.00127705
0.00127626
0.00127549
0.00127473
0.00127395
0.00127317
0.0012724
0.00127162
0.00127085
0.00127007
0.0012693
0.00126852
0.00126775
0.00126697
0.0012662
0.00126542
0.00126465
0.00126387
0.0012631
0.00126232
0.00126155
0.00126077
0.00126
0.00125922
0.00125845
0.00125767
0.00125689
0.00125611
0.00125533
0.00125454
0.00125373
0.00125289
0.001252
0.00125103
0.00124991
0.00124856
0.00124685
0.0012446
0.00124154
0.00123732
0.00123149
0.00122347
0.00121259
0.00119806
0.00117903
0.00115462
0.00112401
0.0010865
0.0010416
0.000989134
0.000929302
0.000862715
0.000790418
0.00071385
0.000634768
0.000555142
0.000477011
0.000402347
0.000332915
0.00027016
0.000215132
0.000168428
0.000130161
9.98918e-05
7.65384e-05
5.84589e-05
4.39862e-05
3.21085e-05
2.25576e-05
1.52892e-05
1.00564e-05
6.44379e-06
4.03104e-06
2.46595e-06
