# time = 0.457581 years
0.00127993
0.00127915
0.00127838
0.0012776
0.00127683
0.00127605
0.00127528
0.00127451
0.00127441
0.00128948
0.00128955
0.00128834
0.00128775
0.0012872
0.00128642
0.00128556
0.00128476
0.00128401
0.00128325
0.00128247
0.00128169
0.00128092
0.00128014
0.00127936
0.00127856
0.00127773
0.00127683
0.00127579
0.00127444
0.00127252
0.00126957
0.00126489
0.00125739
0.00124564
0.00122778
0.00120165
0.001165
0.0011158
0.00105268
0.000975299
0.000884673
0.000783317
0.000675083
0.000564762
0.000457478
0.000358015
0.000270212
0.000196561
0.000138053
9.42187e-05
6.31838e-05
4.17143e-05
2.64195e-05
1.56585e-05
8.73491e-06
4.6347e-06
2.35082e-06
1.14479e-06
5.37157e-07
2.45933e-07
1.14077e-07
5.77171e-08
3.4965e-08
2.62937e-08
2.3177e-08
2.21221e-08
2.17864e-08
2.16862e-08
2.16582e-08
2.16509e-08
2.16491e-08
2.16487e-08
2.16487e-08
2.16486e-08
2.16486e-08
2.16486e-08
2.16486e-08
2.16486e-08
2.16486e-08
2.16486e-08
2.16486e-08
2.16486e-08
2.16486e-08
2.16486e-08
2.16486e-08
2.16486e-08
2.16486e-08
2.16486e-08
2.16486e-08
2.16486e-08
2.16486e-08
2.16486e-08
2.16486e-08
2.16486e-08
2.16486e-08
2.16486e-08
2.16486e-08
2.16486e-08
2.16486e-08
2.16486e-08
