# time = 1.05717 years
0.000253044
0.000253288
0.000253532
0.000253777
0.000254021
0.000254265
0.000254509
0.000254753
0.000254997
0.000255241
0.000255485
0.000255728
0.000255972
0.000256216
0.00025646
0.000256704
0.000256948
0.000257191
0.000257435
0.000257679
0.000257923
0.000258166
0.00025841
0.000258654
0.000258897
0.000259141
0.000259384
0.000259628
0.000259871
0.000260115
0.000260358
0.000260602
0.000260845
0.000261089
0.000261332
0.000261576
0.000261819
0.000262062
0.000262306
0.000262549
0.000262792
0.000263035
0.000263279
0.000263522
0.000263765
0.000264008
0.000264251
0.000264494
0.000264737
0.00026498
0.000265223
0.000265466
0.000265709
0.000265952
0.000266195
0.000266438
0.000266681
0.000266924
0.000267167
0.00026741
0.000267653
0.000267895
0.000268138
0.000268381
0.000268624
0.000268866
0.000269109
0.000269351
0.000269594
0.000269836
0.000270079
0.00027032
0.000270561
0.000270802
0.00027104
0.000271275
0.000271506
0.00027173
0.000271943
0.000272141
0.000272314
0.000272455
0.000272549
0.000272581
0.000272528
0.000272368
0.000272069
0.000271601
0.000270926
0.000270009
0.000268814
0.000267308
0.000265464
0.000263261
0.000260693
0.00025776
0.000254479
0.000250877
0.000246993
0.000242873
