# time = 0.110451 years
2.91673e-05
2.9425e-05
2.96781e-05
2.99046e-05
3.00275e-05
2.98515e-05
2.90204e-05
2.70889e-05
2.37603e-05
1.91723e-05
1.39751e-05
9.05722e-06
5.09035e-06
2.2517e-06
4.51015e-07
1.6654e-08
1.56855e-09
4.33634e-09
6.3013e-09
6.54713e-09
6.55961e-09
6.55961e-09
6.55961e-09
6.55961e-09
6.55961e-09
6.55961e-09
6.55961e-09
6.55961e-09
6.55961e-09
6.55961e-09
6.55961e-09
6.55961e-09
6.55961e-09
6.55961e-09
6.55961e-09
6.55961e-09
6.55961e-09
6.55961e-09
6.55961e-09
6.55961e-09
6.55961e-09
6.55961e-09
6.55961e-09
6.55961e-09
6.55961e-09
6.55961e-09
6.55961e-09
6.55961e-09
6.55961e-09
6.55961e-09
6.55961e-09
6.55961e-09
6.55961e-09
6.55961e-09
6.55961e-09
6.55961e-09
6.55961e-09
6.55961e-09
6.55961e-09
6.55961e-09
6.55961e-09
6.55961e-09
6.55961e-09
6.55961e-09
6.55961e-09
6.55961e-09
6.55961e-09
6.55961e-09
6.55961e-09
6.55961e-09
6.55961e-09
6.55961e-09
6.55961e-09
6.55961e-09
6.55961e-09
6.55961e-09
6.55961e-09
6.55961e-09
6.55961e-09
6.55961e-09
6.55961e-09
6.55961e-09
6.55961e-09
6.55961e-09
6.55961e-09
6.55961e-09
6.55961e-09
6.55961e-09
6.55961e-09
6.55961e-09
6.55961e-09
6.55961e-09
6.55961e-09
6.55961e-09
6.55961e-09
6.55961e-09
6.55961e-09
6.55961e-09
6.55961e-09
6.55961e-09
