# time = 0.210382 years
2.91673e-05
2.94256e-05
2.96839e-05
2.99423e-05
3.02006e-05
3.04589e-05
3.0717e-05
3.09745e-05
3.12295e-05
3.14765e-05
3.17008e-05
3.18693e-05
3.19173e-05
3.17374e-05
3.11782e-05
3.00658e-05
2.82511e-05
2.56727e-05
2.24065e-05
1.86738e-05
1.47902e-05
1.10743e-05
7.75514e-06
4.92128e-06
2.55512e-06
7.92619e-07
9.84008e-08
9.81399e-09
1.85976e-09
2.28143e-09
4.85544e-09
6.11448e-09
6.46911e-09
6.54637e-09
6.56008e-09
6.56204e-09
6.56226e-09
6.56227e-09
6.56227e-09
6.56227e-09
6.56227e-09
6.56227e-09
6.56227e-09
6.56227e-09
6.56227e-09
6.56227e-09
6.56227e-09
6.56227e-09
6.56227e-09
6.56227e-09
6.56227e-09
6.56227e-09
6.56227e-09
6.56227e-09
6.56227e-09
6.56227e-09
6.56227e-09
6.56227e-09
6.56227e-09
6.56227e-09
6.56227e-09
6.56227e-09
6.56227e-09
6.56227e-09
6.56227e-09
6.56227e-09
6.56227e-09
6.56227e-09
6.56227e-09
6.56227e-09
6.56227e-09
6.56227e-09
6.56227e-09
6.56227e-09
6.56227e-09
6.56227e-09
6.56227e-09
6.56227e-09
6.56227e-09
6.56227e-09
6.56227e-09
6.56227e-09
6.56227e-09
6.56227e-09
6.56227e-09
6.56227e-09
6.56227e-09
6.56227e-09
6.56227e-09
6.56227e-09
6.56227e-09
6.56227e-09
6.56227e-09
6.56227e-09
6.56227e-09
6.56227e-09
6.56227e-09
6.56227e-09
6.56227e-09
6.56227e-09
