# time = 0.35765 years
7.1028e-05
7.1028e-05
7.1028e-05
7.1028e-05
7.1028e-05
7.1028e-05
7.1028e-05
7.1028e-05
7.1028e-05
7.1028e-05
7.1028e-05
7.1028e-05
7.1028e-05
7.1028e-05
7.10279e-05
7.10278e-05
7.10272e-05
7.10256e-05
7.10212e-05
7.10097e-05
7.09822e-05
7.09207e-05
7.0792e-05
7.05401e-05
7.00784e-05
6.92843e-05
6.80015e-05
6.60535e-05
6.32707e-05
5.95283e-05
5.47879e-05
4.913e-05
4.27649e-05
3.6014e-05
2.92631e-05
2.2898e-05
1.72401e-05
1.24997e-05
8.75731e-06
5.97449e-06
4.02651e-06
2.7437e-06
1.94958e-06
1.48788e-06
1.23605e-06
1.10733e-06
1.04577e-06
1.01826e-06
1.0068e-06
1.00236e-06
1.00076e-06
1.00023e-06
1.00006e-06
1.00002e-06
1e-06
1e-06
1e-06
1e-06
1e-06
1e-06
1e-06
1e-06
1e-06
1e-06
1e-06
1e-06
1e-06
1e-06
1e-06
1e-06
1e-06
1e-06
1e-06
1e-06
1e-06
1e-06
1e-06
1e-06
1e-06
1e-06
1e-06
1e-06
1e-06
1e-06
1e-06
1e-06
1e-06
1e-06
1e-06
1e-06
1e-06
1e-06
1e-06
1e-06
1e-06
1e-06
1e-06
1e-06
1e-06
1e-06
