# time = 1.10977 years
0.00127992
0.00127915
0.00127838
0.0012776
0.00127683
0.00127605
0.00127528
0.0012745
0.00127373
0.00127295
0.00127218
0.0012714
0.00127063
0.00126985
0.00126908
0.0012683
0.00126753
0.00126675
0.00126598
0.0012652
0.00126443
0.00126366
0.00126364
0.00127879
0.00127859
0.00127747
0.00127695
0.00127638
0.00127557
0.00127471
0.00127392
0.00127317
0.00127241
0.00127163
0.00127085
0.00127007
0.0012693
0.00126853
0.00126775
0.00126697
0.0012662
0.00126542
0.00126465
0.00126387
0.0012631
0.00126232
0.00126155
0.00126077
0.00126
0.00125922
0.00125845
0.00125767
0.0012569
0.00125612
0.00125535
0.00125457
0.0012538
0.00125302
0.00125225
0.00125147
0.0012507
0.00124992
0.00124915
0.00124837
0.0012476
0.00124682
0.00124605
0.00124527
0.0012445
0.00124372
0.00124295
0.00124217
0.00124139
0.00124062
0.00123983
0.00123905
0.00123825
0.00123743
0.00123659
0.00123571
0.00123475
0.00123369
0.00123245
0.00123098
0.00122914
0.00122679
0.00122373
0.0012197
0.00121437
0.00120737
0.00119822
0.00118642
0.00117139
0.00115255
0.00112932
0.00110115
0.0010676
0.00102836
0.000983321
0.000932565
