# time = 0.310314 years
3.5414e-05
3.5414e-05
3.5414e-05
3.54138e-05
3.53932e-05
3.36045e-05
3.8283e-06
4.18051e-08
4.19253e-10
4.15145e-12
4.06604e-14
4.06374e-16
9.89341e-18
5.81268e-18
5.56812e-18
5.35215e-18
5.12889e-18
4.89602e-18
4.65029e-18
4.39084e-18
4.11638e-18
3.82259e-18
3.50573e-18
3.16581e-18
2.80616e-18
2.43259e-18
2.05491e-18
1.68716e-18
1.34463e-18
1.03961e-18
7.79365e-19
5.66213e-19
3.98553e-19
2.72125e-19
1.81386e-19
1.2016e-19
8.08524e-20
5.63876e-20
4.40224e-20
4.35353e-20
6.00185e-20
7.92224e-20
8.15083e-20
8.17965e-20
8.18635e-20
8.18821e-20
8.18871e-20
8.18884e-20
8.18887e-20
8.18888e-20
8.18888e-20
8.18888e-20
8.18888e-20
8.18888e-20
8.18888e-20
8.18888e-20
8.18888e-20
8.18888e-20
8.18888e-20
8.18888e-20
8.18888e-20
8.18888e-20
8.18888e-20
8.18888e-20
8.18888e-20
8.18888e-20
8.18888e-20
8.18888e-20
8.18888e-20
8.18888e-20
8.18888e-20
8.18888e-20
8.18888e-20
8.18888e-20
8.18888e-20
8.18888e-20
8.18888e-20
8.18888e-20
8.18888e-20
8.18888e-20
8.18888e-20
8.18888e-20
8.18888e-20
8.18888e-20
8.18888e-20
8.18888e-20
8.18888e-20
8.18888e-20
8.18888e-20
8.18888e-20
8.18888e-20
8.18888e-20
8.18888e-20
8.18888e-20
8.18888e-20
8.18888e-20
8.18888e-20
8.18888e-20
8.18888e-20
8.18888e-20
