# time = 1.25703 years
0.00127993
0.00127915
0.00127838
0.0012776
0.00127683
0.00127605
0.00127528
0.0012745
0.00127373
0.00127295
0.00127218
0.0012714
0.00127063
0.00126985
0.00126908
0.0012683
0.00126753
0.00126675
0.00126598
0.0012652
0.00126443
0.00126365
0.00126288
0.0012621
0.00126133
0.00126094
0.00127451
0.00127686
0.00127544
0.00127449
0.00127391
0.00127325
0.00127244
0.00127161
0.00127083
0.00127008
0.00126931
0.00126853
0.00126775
0.00126698
0.0012662
0.00126543
0.00126465
0.00126388
0.0012631
0.00126233
0.00126155
0.00126078
0.00126
0.00125923
0.00125845
0.00125768
0.0012569
0.00125613
0.00125535
0.00125458
0.0012538
0.00125303
0.00125225
0.00125148
0.0012507
0.00124993
0.00124915
0.00124838
0.0012476
0.00124683
0.00124605
0.00124527
0.0012445
0.00124372
0.00124295
0.00124217
0.0012414
0.00124062
0.00123985
0.00123907
0.0012383
0.00123752
0.00123675
0.00123597
0.0012352
0.00123442
0.00123365
0.00123287
0.00123209
0.00123132
0.00123053
0.00122975
0.00122895
0.00122814
0.00122731
0.00122645
0.00122553
0.00122453
0.00122341
0.00122211
0.00122056
0.00121864
0.00121623
0.00121313
