# time = 0.35765 years
2.91673e-05
2.94256e-05
2.96839e-05
2.99423e-05
3.02006e-05
3.04589e-05
3.07172e-05
3.09755e-05
3.12338e-05
3.14922e-05
3.17505e-05
3.20088e-05
3.22671e-05
3.25254e-05
3.27837e-05
3.3042e-05
3.33001e-05
3.35577e-05
3.38142e-05
3.40676e-05
3.43143e-05
3.45466e-05
3.47503e-05
3.49015e-05
3.49628e-05
3.48807e-05
3.45864e-05
3.40001e-05
3.30422e-05
3.16481e-05
2.97856e-05
2.74683e-05
2.47608e-05
2.17722e-05
1.86375e-05
1.54918e-05
1.24449e-05
9.56289e-06
6.86534e-06
4.35777e-06
2.16296e-06
6.89849e-07
1.35164e-07
2.37061e-08
4.91491e-09
1.72095e-09
1.90811e-09
3.83273e-09
5.38804e-09
6.13593e-09
6.42521e-09
6.52396e-09
6.55458e-09
6.56327e-09
6.56552e-09
6.56605e-09
6.56617e-09
6.56619e-09
6.56619e-09
6.56619e-09
6.56619e-09
6.56619e-09
6.56619e-09
6.56619e-09
6.56619e-09
6.56619e-09
6.56619e-09
6.56619e-09
6.56619e-09
6.56619e-09
6.56619e-09
6.56619e-09
6.56619e-09
6.56619e-09
6.56619e-09
6.56619e-09
6.56619e-09
6.56619e-09
6.56619e-09
6.56619e-09
6.56619e-09
6.56619e-09
6.56619e-09
6.56619e-09
6.56619e-09
6.56619e-09
6.56619e-09
6.56619e-09
6.56619e-09
6.56619e-09
6.56619e-09
6.56619e-09
6.56619e-09
6.56619e-09
6.56619e-09
6.56619e-09
6.56619e-09
6.56619e-09
6.56619e-09
6.56619e-09
