# time = 0.457581 years
7.1028e-05
7.1028e-05
7.1028e-05
7.1028e-05
7.1028e-05
7.1028e-05
7.1028e-05
7.1028e-05
7.1028e-05
7.1028e-05
7.1028e-05
7.1028e-05
7.1028e-05
7.1028e-05
7.1028e-05
7.1028e-05
7.1028e-05
7.1028e-05
7.1028e-05
7.1028e-05
7.1028e-05
7.10279e-05
7.10278e-05
7.10273e-05
7.10262e-05
7.10234e-05
7.10169e-05
7.10024e-05
7.09718e-05
7.09106e-05
7.07943e-05
7.05843e-05
7.02233e-05
6.96326e-05
6.87117e-05
6.73436e-05
6.54055e-05
6.27864e-05
5.94092e-05
5.52525e-05
5.03685e-05
4.48888e-05
3.90178e-05
3.30102e-05
2.71392e-05
2.16595e-05
1.67755e-05
1.26188e-05
9.24159e-06
6.62249e-06
4.68436e-06
3.31627e-06
2.39543e-06
1.80471e-06
1.44372e-06
1.23368e-06
1.11741e-06
1.05622e-06
1.02562e-06
1.0111e-06
1.00457e-06
1.00178e-06
1.00066e-06
1.00023e-06
1.00008e-06
1.00002e-06
1.00001e-06
1e-06
1e-06
1e-06
1e-06
1e-06
1e-06
1e-06
1e-06
1e-06
1e-06
1e-06
1e-06
1e-06
1e-06
1e-06
1e-06
1e-06
1e-06
1e-06
1e-06
1e-06
1e-06
1e-06
1e-06
1e-06
1e-06
1e-06
1e-06
1e-06
1e-06
1e-06
1e-06
1e-06
