# time = 0.410245 years
0.000253044
0.000253288
0.000253532
0.000253777
0.000254021
0.000254265
0.000254509
0.000254753
0.000254997
0.000255241
0.000255485
0.000255728
0.000255972
0.000256216
0.00025646
0.000256704
0.000256948
0.000257191
0.000257435
0.000257679
0.000257922
0.000258164
0.000258403
0.000258636
0.000258855
0.000259048
0.00025919
0.000259241
0.000259139
0.000258799
0.000258107
0.000256927
0.000255119
0.000252553
0.000249141
0.000244863
0.000239784
0.00023406
0.00022792
0.000221635
0.000215477
0.000209676
0.000204385
0.000199672
0.000195539
0.000192015
0.000189338
0.000187815
0.000187193
0.000186943
0.000186825
0.000186767
0.000186739
0.000186728
0.000186723
0.000186721
0.000186721
0.000186721
0.00018672
0.00018672
0.00018672
0.00018672
0.00018672
0.00018672
0.00018672
0.00018672
0.00018672
0.00018672
0.00018672
0.00018672
0.00018672
0.00018672
0.00018672
0.00018672
0.00018672
0.00018672
0.00018672
0.00018672
0.00018672
0.00018672
0.00018672
0.00018672
0.00018672
0.00018672
0.00018672
0.00018672
0.00018672
0.00018672
0.00018672
0.00018672
0.00018672
0.00018672
0.00018672
0.00018672
0.00018672
0.00018672
0.00018672
0.00018672
0.00018672
0.00018672
