# time = 0.110451 years
3.53481e-05
2.9482e-05
1.10675e-06
1.21057e-08
1.03232e-10
1.07559e-12
7.25371e-15
6.37219e-17
1.37176e-18
7.52393e-19
4.57081e-19
2.48969e-19
1.22048e-19
5.6118e-20
2.6182e-20
1.53108e-20
1.96792e-20
2.89364e-20
2.91534e-20
2.91657e-20
2.91662e-20
2.91662e-20
2.91662e-20
2.91662e-20
2.91662e-20
2.91662e-20
2.91662e-20
2.91662e-20
2.91662e-20
2.91662e-20
2.91662e-20
2.91662e-20
2.91662e-20
2.91662e-20
2.91662e-20
2.91662e-20
2.91662e-20
2.91662e-20
2.91662e-20
2.91662e-20
2.91662e-20
2.91662e-20
2.91662e-20
2.91662e-20
2.91662e-20
2.91662e-20
2.91662e-20
2.91662e-20
2.91662e-20
2.91662e-20
2.91662e-20
2.91662e-20
2.91662e-20
2.91662e-20
2.91662e-20
2.91662e-20
2.91662e-20
2.91662e-20
2.91662e-20
2.91662e-20
2.91662e-20
2.91662e-20
2.91662e-20
2.91662e-20
2.91662e-20
2.91662e-20
2.91662e-20
2.91662e-20
2.91662e-20
2.91662e-20
2.91662e-20
2.91662e-20
2.91662e-20
2.91662e-20
2.91662e-20
2.91662e-20
2.91662e-20
2.91662e-20
2.91662e-20
2.91662e-20
2.91662e-20
2.91662e-20
2.91662e-20
2.91662e-20
2.91662e-20
2.91662e-20
2.91662e-20
2.91662e-20
2.91662e-20
2.91662e-20
2.91662e-20
2.91662e-20
2.91662e-20
2.91662e-20
2.91662e-20
2.91662e-20
2.91662e-20
2.91662e-20
2.91662e-20
2.91662e-20
