# time = 0.909903 years
0.00127993
0.00127915
0.00127838
0.0012776
0.00127683
0.00127605
0.00127528
0.0012745
0.00127373
0.00127295
0.00127218
0.0012714
0.00127063
0.00126985
0.00126908
0.0012683
0.00126753
0.00126678
0.00126852
0.00128143
0.00128125
0.00128102
0.00128034
0.00127939
0.00127853
0.0012778
0.00127707
0.00127629
0.0012755
0.00127472
0.00127395
0.00127318
0.0012724
0.00127162
0.00127085
0.00127007
0.0012693
0.00126852
0.00126775
0.00126697
0.0012662
0.00126542
0.00126465
0.00126387
0.0012631
0.00126232
0.00126155
0.00126077
0.00126
0.00125922
0.00125845
0.00125767
0.0012569
0.00125612
0.00125535
0.00125457
0.00125379
0.00125301
0.00125223
0.00125144
0.00125064
0.00124981
0.00124894
0.001248
0.00124695
0.00124572
0.0012442
0.00124225
0.00123966
0.00123615
0.00123136
0.00122482
0.00121596
0.00120412
0.00118855
0.00116847
0.00114308
0.00111164
0.00107358
0.0010285
0.000976305
0.000917246
0.000851943
0.000781399
0.000706961
0.000630257
0.000553096
0.000477348
0.000404825
0.000337162
0.000275716
0.000221494
0.000175108
0.000136729
0.000106036
8.21137e-05
6.34964e-05
4.85756e-05
3.62388e-05
2.61016e-05
