# time = 0.35765 years
3.5414e-05
3.5414e-05
3.5414e-05
3.5414e-05
3.54138e-05
3.53945e-05
3.37146e-05
4.07285e-06
4.45762e-08
4.47433e-10
4.43057e-12
4.34768e-14
4.42075e-16
1.94432e-17
1.54591e-17
1.55937e-17
1.57738e-17
1.59631e-17
1.61616e-17
1.63649e-17
1.65729e-17
1.67853e-17
1.69972e-17
1.71969e-17
1.73702e-17
1.74965e-17
1.75471e-17
1.74842e-17
1.72667e-17
1.68554e-17
1.62188e-17
1.53383e-17
1.42135e-17
1.28652e-17
1.13342e-17
9.67717e-18
7.9651e-18
6.28464e-18
4.73849e-18
3.43093e-18
2.42773e-18
1.71114e-18
1.22221e-18
9.4108e-19
8.63761e-19
1.04165e-18
1.48571e-18
1.61127e-18
1.6248e-18
1.62753e-18
1.62832e-18
1.62856e-18
1.62864e-18
1.62866e-18
1.62866e-18
1.62867e-18
1.62867e-18
1.62867e-18
1.62867e-18
1.62867e-18
1.62867e-18
1.62867e-18
1.62867e-18
1.62867e-18
1.62867e-18
1.62867e-18
1.62867e-18
1.62867e-18
1.62867e-18
1.62867e-18
1.62867e-18
1.62867e-18
1.62867e-18
1.62867e-18
1.62867e-18
1.62867e-18
1.62867e-18
1.62867e-18
1.62867e-18
1.62867e-18
1.62867e-18
1.62867e-18
1.62867e-18
1.62867e-18
1.62867e-18
1.62867e-18
1.62867e-18
1.62867e-18
1.62867e-18
1.62867e-18
1.62867e-18
1.62867e-18
1.62867e-18
1.62867e-18
1.62867e-18
1.62867e-18
1.62867e-18
1.62867e-18
1.62867e-18
1.62867e-18
