# time = 0.310314 years
0.00127993
0.00127915
0.00127838
0.0012776
0.00127684
0.00127739
0.00129201
0.0012913
0.00129074
0.00129032
0.00128957
0.00128866
0.00128784
0.00128709
0.00128629
0.00128537
0.00128422
0.00128254
0.00127971
0.00127464
0.00126549
0.00124959
0.00122344
0.001183
0.00112448
0.0010453
0.000945188
0.000826911
0.000696364
0.000561773
0.000432228
0.00031593
0.000218726
0.000143333
8.9359e-05
5.37549e-05
3.12509e-05
1.68059e-05
8.2261e-06
3.72763e-06
1.57775e-06
6.27946e-07
2.38821e-07
9.29173e-08
4.30299e-08
2.74942e-08
2.31024e-08
2.1981e-08
2.1724e-08
2.16715e-08
2.16621e-08
2.16606e-08
2.16604e-08
2.16604e-08
2.16604e-08
2.16604e-08
2.16604e-08
2.16604e-08
2.16604e-08
2.16604e-08
2.16604e-08
2.16604e-08
2.16604e-08
2.16604e-08
2.16604e-08
2.16604e-08
2.16604e-08
2.16604e-08
2.16604e-08
2.16604e-08
2.16604e-08
2.16604e-08
2.16604e-08
2.16604e-08
2.16604e-08
2.16604e-08
2.16604e-08
2.16604e-08
2.16604e-08
2.16604e-08
2.16604e-08
2.16604e-08
2.16604e-08
2.16604e-08
2.16604e-08
2.16604e-08
2.16604e-08
2.16604e-08
2.16604e-08
2.16604e-08
2.16604e-08
2.16604e-08
2.16604e-08
2.16604e-08
2.16604e-08
2.16604e-08
2.16604e-08
2.16604e-08
2.16604e-08
2.16604e-08
