# time = 0.809972 years
0.00127993
0.00127915
0.00127838
0.0012776
0.00127683
0.00127605
0.00127528
0.0012745
0.00127373
0.00127295
0.00127218
0.0012714
0.00127063
0.00126985
0.00126908
0.00126836
0.00127199
0.00128302
0.00128327
0.00128277
0.00128177
0.00128083
0.0012801
0.00127939
0.00127862
0.00127782
0.00127704
0.00127627
0.0012755
0.00127472
0.00127395
0.00127317
0.0012724
0.00127162
0.00127085
0.00127007
0.0012693
0.00126852
0.00126775
0.00126697
0.0012662
0.00126542
0.00126465
0.00126387
0.0012631
0.00126232
0.00126155
0.00126077
0.00125999
0.00125921
0.00125843
0.00125764
0.00125684
0.001256
0.00125512
0.00125415
0.00125304
0.0012517
0.00124998
0.00124769
0.00124454
0.00124015
0.00123402
0.0012255
0.00121386
0.00119821
0.00117763
0.00115116
0.00111792
0.00107721
0.00102858
0.000971953
0.000907697
0.000836651
0.000760127
0.000679849
0.000597849
0.000516322
0.000437465
0.000363314
0.000295599
0.000235636
0.000184264
0.000141797
0.000107983
8.19143e-05
6.20026e-05
4.639e-05
3.3742e-05
2.35919e-05
1.58682e-05
1.03323e-05
6.54218e-06
4.03785e-06
2.43369e-06
1.4352e-06
8.29416e-07
4.70715e-07
2.64309e-07
1.491e-07
