# time = 1.35697 years
3.5414e-05
3.5414e-05
3.5414e-05
3.5414e-05
3.5414e-05
3.5414e-05
3.5414e-05
3.5414e-05
3.5414e-05
3.5414e-05
3.5414e-05
3.5414e-05
3.5414e-05
3.54141e-05
3.54141e-05
3.54141e-05
3.54141e-05
3.54141e-05
3.54141e-05
3.54142e-05
3.54142e-05
3.54142e-05
3.54142e-05
3.54142e-05
3.54142e-05
3.54142e-05
3.54112e-05
3.5142e-05
1.88224e-05
3.05019e-07
2.94434e-09
2.87881e-11
2.84621e-13
2.82159e-15
3.87591e-17
1.13939e-17
1.11312e-17
1.11349e-17
1.11415e-17
1.11483e-17
1.11554e-17
1.11629e-17
1.11708e-17
1.1179e-17
1.11875e-17
1.11963e-17
1.12056e-17
1.12153e-17
1.12254e-17
1.1236e-17
1.1247e-17
1.12584e-17
1.12704e-17
1.12828e-17
1.12959e-17
1.13094e-17
1.13236e-17
1.13383e-17
1.13536e-17
1.13696e-17
1.13862e-17
1.14036e-17
1.14217e-17
1.14406e-17
1.14602e-17
1.14806e-17
1.15019e-17
1.15241e-17
1.15473e-17
1.15713e-17
1.15964e-17
1.16225e-17
1.16497e-17
1.16779e-17
1.17074e-17
1.17381e-17
1.177e-17
1.18032e-17
1.18378e-17
1.18738e-17
1.19113e-17
1.19503e-17
1.19909e-17
1.20332e-17
1.20772e-17
1.2123e-17
1.21706e-17
1.22202e-17
1.22717e-17
1.23254e-17
1.23812e-17
1.24393e-17
1.24998e-17
1.25626e-17
1.26281e-17
1.26961e-17
1.27668e-17
1.28403e-17
1.29167e-17
1.29959e-17
