# time = 0.809972 years
3.5414e-05
3.5414e-05
3.5414e-05
3.5414e-05
3.5414e-05
3.5414e-05
3.5414e-05
3.5414e-05
3.5414e-05
3.5414e-05
3.5414e-05
3.5414e-05
3.5414e-05
3.5414e-05
3.54131e-05
3.53367e-05
2.91958e-05
1.08329e-06
1.10587e-08
1.07933e-10
1.05298e-12
1.03599e-14
1.13978e-16
1.2961e-17
1.20036e-17
1.20341e-17
1.20764e-17
1.21203e-17
1.21657e-17
1.22129e-17
1.22622e-17
1.23138e-17
1.23673e-17
1.24227e-17
1.24804e-17
1.25405e-17
1.26033e-17
1.26686e-17
1.27363e-17
1.28067e-17
1.28799e-17
1.29563e-17
1.30358e-17
1.31185e-17
1.32043e-17
1.32936e-17
1.33866e-17
1.34833e-17
1.3584e-17
1.36887e-17
1.37975e-17
1.39106e-17
1.40281e-17
1.41503e-17
1.4277e-17
1.44082e-17
1.45437e-17
1.46829e-17
1.48249e-17
1.49685e-17
1.51116e-17
1.52512e-17
1.53831e-17
1.5502e-17
1.56009e-17
1.56717e-17
1.57045e-17
1.56887e-17
1.56126e-17
1.54645e-17
1.52333e-17
1.49095e-17
1.44859e-17
1.3958e-17
1.33255e-17
1.25915e-17
1.17634e-17
1.08523e-17
9.87296e-18
8.84375e-18
7.78721e-18
6.73058e-18
5.70617e-18
4.74981e-18
3.8957e-18
3.16614e-18
2.56109e-18
2.06103e-18
1.6467e-18
1.31344e-18
1.06471e-18
9.00202e-19
8.1675e-19
8.18323e-19
9.27851e-19
1.17967e-18
1.42636e-18
1.49894e-18
1.51502e-18
1.51973e-18
