# time = 0.210382 years
7.1028e-05
7.1028e-05
7.1028e-05
7.1028e-05
7.1028e-05
7.10279e-05
7.10275e-05
7.10255e-05
7.10177e-05
7.09907e-05
7.09097e-05
7.06962e-05
7.01981e-05
6.91634e-05
6.7242e-05
6.40395e-05
5.92359e-05
5.27368e-05
4.47935e-05
3.6014e-05
2.72345e-05
1.92912e-05
1.27921e-05
7.98847e-06
4.78603e-06
2.86456e-06
1.82993e-06
1.33177e-06
1.11827e-06
1.03729e-06
1.0103e-06
1.00246e-06
1.0005e-06
1.00009e-06
1.00001e-06
1e-06
1e-06
1e-06
1e-06
1e-06
1e-06
1e-06
1e-06
1e-06
1e-06
1e-06
1e-06
1e-06
1e-06
1e-06
1e-06
1e-06
1e-06
1e-06
1e-06
1e-06
1e-06
1e-06
1e-06
1e-06
1e-06
1e-06
1e-06
1e-06
1e-06
1e-06
1e-06
1e-06
1e-06
1e-06
1e-06
1e-06
1e-06
1e-06
1e-06
1e-06
1e-06
1e-06
1e-06
1e-06
1e-06
1e-06
1e-06
1e-06
1e-06
1e-06
1e-06
1e-06
1e-06
1e-06
1e-06
1e-06
1e-06
1e-06
1e-06
1e-06
1e-06
1e-06
1e-06
1e-06
