# time = 0.657444 years
2.91673e-05
2.94256e-05
2.96839e-05
2.99423e-05
3.02006e-05
3.04589e-05
3.07172e-05
3.09755e-05
3.12338e-05
3.14922e-05
3.17505e-05
3.20088e-05
3.22671e-05
3.25254e-05
3.27837e-05
3.30421e-05
3.33004e-05
3.35587e-05
3.3817e-05
3.40753e-05
3.43336e-05
3.4592e-05
3.48503e-05
3.51086e-05
3.53669e-05
3.56252e-05
3.58835e-05
3.61419e-05
3.64002e-05
3.66585e-05
3.69168e-05
3.71751e-05
3.74334e-05
3.76918e-05
3.79501e-05
3.82084e-05
3.84667e-05
3.87249e-05
3.8983e-05
3.9241e-05
3.94985e-05
3.97553e-05
4.00104e-05
4.02627e-05
4.05098e-05
4.07483e-05
4.09724e-05
4.11737e-05
4.13403e-05
4.14557e-05
4.14985e-05
4.14425e-05
4.12565e-05
4.09064e-05
4.03574e-05
3.95767e-05
3.85376e-05
3.72228e-05
3.56275e-05
3.37609e-05
3.1646e-05
2.93175e-05
2.68176e-05
2.41907e-05
2.14777e-05
1.87104e-05
1.59087e-05
1.30805e-05
1.02311e-05
7.39599e-06
4.71336e-06
2.48584e-06
1.02692e-06
3.34673e-07
9.67969e-08
2.80447e-08
8.6053e-09
3.12382e-09
1.65647e-09
1.67001e-09
2.84259e-09
4.28208e-09
5.34139e-09
5.96425e-09
6.28956e-09
6.44744e-09
6.52004e-09
6.55194e-09
6.56539e-09
6.57083e-09
6.57295e-09
6.57374e-09
6.57403e-09
6.57413e-09
6.57416e-09
6.57417e-09
6.57417e-09
6.57417e-09
6.57417e-09
6.57417e-09
