# time = 1.1571 years
0.00127992
0.00127915
0.00127838
0.0012776
0.00127683
0.00127605
0.00127528
0.0012745
0.00127373
0.00127295
0.00127218
0.0012714
0.00127063
0.00126985
0.00126908
0.0012683
0.00126753
0.00126675
0.00126598
0.0012652
0.00126443
0.00126365
0.00126288
0.00126282
0.00127793
0.00127788
0.00127671
0.00127615
0.00127559
0.0012748
0.00127394
0.00127315
0.0012724
0.00127164
0.00127085
0.00127007
0.0012693
0.00126853
0.00126775
0.00126698
0.0012662
0.00126543
0.00126465
0.00126388
0.0012631
0.00126233
0.00126155
0.00126077
0.00126
0.00125922
0.00125845
0.00125767
0.0012569
0.00125612
0.00125535
0.00125457
0.0012538
0.00125302
0.00125225
0.00125147
0.0012507
0.00124992
0.00124915
0.00124837
0.0012476
0.00124682
0.00124605
0.00124527
0.0012445
0.00124372
0.00124295
0.00124217
0.0012414
0.00124062
0.00123985
0.00123907
0.00123829
0.00123751
0.00123673
0.00123594
0.00123515
0.00123433
0.00123349
0.0012326
0.00123165
0.00123059
0.00122937
0.00122791
0.00122612
0.00122385
0.00122091
0.00121707
0.00121204
0.00120545
0.00119689
0.00118588
0.0011719
0.00115439
0.00113281
0.00110663
