# time = 0.809972 years
2.91673e-05
2.94256e-05
2.96839e-05
2.99423e-05
3.02006e-05
3.04589e-05
3.07172e-05
3.09755e-05
3.12338e-05
3.14922e-05
3.17505e-05
3.20088e-05
3.22671e-05
3.25254e-05
3.27837e-05
3.30421e-05
3.33004e-05
3.35587e-05
3.3817e-05
3.40753e-05
3.43336e-05
3.4592e-05
3.48503e-05
3.51086e-05
3.53669e-05
3.56252e-05
3.58835e-05
3.61419e-05
3.64002e-05
3.66585e-05
3.69168e-05
3.71751e-05
3.74334e-05
3.76918e-05
3.79501e-05
3.82084e-05
3.84667e-05
3.8725e-05
3.89833e-05
3.92417e-05
3.95e-05
3.97583e-05
4.00166e-05
4.02749e-05
4.05332e-05
4.07915e-05
4.10499e-05
4.13081e-05
4.15664e-05
4.18247e-05
4.20828e-05
4.23408e-05
4.25984e-05
4.28554e-05
4.31113e-05
4.33652e-05
4.36158e-05
4.38609e-05
4.40973e-05
4.43202e-05
4.4523e-05
4.46961e-05
4.48276e-05
4.49016e-05
4.48993e-05
4.47982e-05
4.45735e-05
4.41988e-05
4.36479e-05
4.28966e-05
4.1925e-05
4.07196e-05
3.92745e-05
3.75931e-05
3.56871e-05
3.35763e-05
3.12856e-05
2.88426e-05
2.62741e-05
2.36026e-05
2.08439e-05
1.80059e-05
1.50911e-05
1.21073e-05
9.09735e-06
6.19557e-06
3.66848e-06
1.81583e-06
7.39759e-07
2.58502e-07
8.51413e-08
2.81662e-08
9.7121e-09
3.77424e-09
1.90973e-09
1.51423e-09
2.13181e-09
3.41063e-09
4.62333e-09
5.47845e-09
