# time = 1.2097 years
2.91673e-05
2.94256e-05
2.96839e-05
2.99423e-05
3.02006e-05
3.04589e-05
3.07172e-05
3.09755e-05
3.12338e-05
3.14922e-05
3.17505e-05
3.20088e-05
3.22671e-05
3.25254e-05
3.27837e-05
3.30421e-05
3.33004e-05
3.35587e-05
3.3817e-05
3.40753e-05
3.43336e-05
3.4592e-05
3.48503e-05
3.51086e-05
3.53669e-05
3.56252e-05
3.58835e-05
3.61419e-05
3.64002e-05
3.66585e-05
3.69168e-05
3.71751e-05
3.74334e-05
3.76918e-05
3.79501e-05
3.82084e-05
3.84667e-05
3.8725e-05
3.89833e-05
3.92417e-05
3.95e-05
3.97583e-05
4.00166e-05
4.02749e-05
4.05332e-05
4.07915e-05
4.10499e-05
4.13082e-05
4.15665e-05
4.18248e-05
4.20831e-05
4.23414e-05
4.25998e-05
4.28581e-05
4.31164e-05
4.33747e-05
4.3633e-05
4.38913e-05
4.41497e-05
4.4408e-05
4.46663e-05
4.49246e-05
4.51829e-05
4.54412e-05
4.56995e-05
4.59579e-05
4.62162e-05
4.64745e-05
4.67328e-05
4.69911e-05
4.72494e-05
4.75078e-05
4.77661e-05
4.80244e-05
4.82827e-05
4.8541e-05
4.87993e-05
4.90576e-05
4.93159e-05
4.95742e-05
4.98325e-05
5.00907e-05
5.03489e-05
5.0607e-05
5.08648e-05
5.11224e-05
5.13795e-05
5.16357e-05
5.18906e-05
5.21436e-05
5.23935e-05
5.2639e-05
5.2878e-05
5.31078e-05
5.33247e-05
5.35238e-05
5.36991e-05
5.38429e-05
5.39461e-05
5.39977e-05
