# time = 0.210382 years
0.00127993
0.00127915
0.00127841
0.00128004
0.00129308
0.00129284
0.00129261
0.00129191
0.00129082
0.00128943
0.00128716
0.00128241
0.0012723
0.0012522
0.00121567
0.00115545
0.00106569
0.000944757
0.000797439
0.000635112
0.000473342
0.000327662
0.000209357
0.000123088
6.70235e-05
3.44216e-05
1.61058e-05
6.55136e-06
2.36694e-06
7.69507e-07
2.29741e-07
7.14985e-08
3.1817e-08
2.33933e-08
2.19064e-08
2.1694e-08
2.16704e-08
2.16685e-08
2.16684e-08
2.16684e-08
2.16684e-08
2.16684e-08
2.16684e-08
2.16684e-08
2.16684e-08
2.16684e-08
2.16684e-08
2.16684e-08
2.16684e-08
2.16684e-08
2.16684e-08
2.16684e-08
2.16684e-08
2.16684e-08
2.16684e-08
2.16684e-08
2.16684e-08
2.16684e-08
2.16684e-08
2.16684e-08
2.16684e-08
2.16684e-08
2.16684e-08
2.16684e-08
2.16684e-08
2.16684e-08
2.16684e-08
2.16684e-08
2.16684e-08
2.16684e-08
2.16684e-08
2.16684e-08
2.16684e-08
2.16684e-08
2.16684e-08
2.16684e-08
2.16684e-08
2.16684e-08
2.16684e-08
2.16684e-08
2.16684e-08
2.16684e-08
2.16684e-08
2.16684e-08
2.16684e-08
2.16684e-08
2.16684e-08
2.16684e-08
2.16684e-08
2.16684e-08
2.16684e-08
2.16684e-08
2.16684e-08
2.16684e-08
2.16684e-08
2.16684e-08
2.16684e-08
2.16684e-08
2.16684e-08
2.16684e-08
