# time = 0.157787 years
2.91673e-05
2.94256e-05
2.96839e-05
2.9942e-05
3.01991e-05
3.04509e-05
3.06833e-05
3.08562e-05
3.08791e-05
3.05864e-05
2.97379e-05
2.80726e-05
2.54197e-05
2.18195e-05
1.75747e-05
1.31735e-05
9.10972e-06
5.70136e-06
3.01466e-06
1.01586e-06
1.07098e-07
7.1223e-09
1.52018e-09
3.73634e-09
5.90874e-09
6.46165e-09
6.55024e-09
6.56014e-09
6.56085e-09
6.56087e-09
6.56087e-09
6.56087e-09
6.56087e-09
6.56087e-09
6.56087e-09
6.56087e-09
6.56087e-09
6.56087e-09
6.56087e-09
6.56087e-09
6.56087e-09
6.56087e-09
6.56087e-09
6.56087e-09
6.56087e-09
6.56087e-09
6.56087e-09
6.56087e-09
6.56087e-09
6.56087e-09
6.56087e-09
6.56087e-09
6.56087e-09
6.56087e-09
6.56087e-09
6.56087e-09
6.56087e-09
6.56087e-09
6.56087e-09
6.56087e-09
6.56087e-09
6.56087e-09
6.56087e-09
6.56087e-09
6.56087e-09
6.56087e-09
6.56087e-09
6.56087e-09
6.56087e-09
6.56087e-09
6.56087e-09
6.56087e-09
6.56087e-09
6.56087e-09
6.56087e-09
6.56087e-09
6.56087e-09
6.56087e-09
6.56087e-09
6.56087e-09
6.56087e-09
6.56087e-09
6.56087e-09
6.56087e-09
6.56087e-09
6.56087e-09
6.56087e-09
6.56087e-09
6.56087e-09
6.56087e-09
6.56087e-09
6.56087e-09
6.56087e-09
6.56087e-09
6.56087e-09
6.56087e-09
6.56087e-09
6.56087e-09
6.56087e-09
6.56087e-09
