# time = 0.657444 years
0.000253044
0.000253288
0.000253532
0.000253777
0.000254021
0.000254265
0.000254509
0.000254753
0.000254997
0.000255241
0.000255485
0.000255728
0.000255972
0.000256216
0.00025646
0.000256704
0.000256948
0.000257191
0.000257435
0.000257679
0.000257923
0.000258166
0.00025841
0.000258654
0.000258897
0.000259141
0.000259384
0.000259628
0.000259871
0.000260115
0.000260358
0.000260602
0.000260845
0.000261089
0.000261332
0.000261576
0.000261819
0.000262062
0.000262305
0.000262547
0.000262789
0.000263029
0.000263265
0.000263495
0.000263713
0.000263912
0.00026408
0.000264197
0.000264238
0.000264167
0.000263938
0.000263495
0.000262771
0.000261696
0.000260198
0.000258215
0.000255698
0.000252623
0.000248998
0.000244863
0.000240292
0.000235389
0.000230275
0.000225077
0.000219914
0.000214887
0.000210066
0.000205491
0.000201178
0.000197156
0.000193542
0.000190605
0.000188625
0.000187561
0.000187067
0.000186827
0.000186697
0.000186623
0.00018658
0.000186556
0.000186543
0.000186537
0.000186535
0.000186533
0.000186533
0.000186532
0.000186532
0.000186532
0.000186532
0.000186532
0.000186532
0.000186532
0.000186532
0.000186532
0.000186532
0.000186532
0.000186532
0.000186532
0.000186532
0.000186532
