# time = 0.35765 years
0.000253044
0.000253288
0.000253532
0.000253777
0.000254021
0.000254265
0.000254509
0.000254753
0.000254997
0.000255241
0.000255485
0.000255728
0.000255972
0.000256216
0.00025646
0.000256704
0.000256947
0.000257189
0.000257429
0.000257662
0.000257879
0.000258065
0.000258187
0.000258191
0.000257996
0.000257484
0.000256504
0.000254884
0.000252456
0.000249091
0.000244735
0.000239446
0.000233398
0.000226868
0.000220194
0.000213712
0.000207701
0.000202336
0.000197679
0.000193715
0.000190501
0.000188357
0.000187386
0.000187033
0.000186883
0.000186812
0.00018678
0.000186767
0.000186763
0.000186761
0.000186761
0.000186761
0.000186761
0.000186761
0.000186761
0.000186761
0.000186761
0.000186761
0.000186761
0.000186761
0.000186761
0.000186761
0.000186761
0.000186761
0.000186761
0.000186761
0.000186761
0.000186761
0.000186761
0.000186761
0.000186761
0.000186761
0.000186761
0.000186761
0.000186761
0.000186761
0.000186761
0.000186761
0.000186761
0.000186761
0.000186761
0.000186761
0.000186761
0.000186761
0.000186761
0.000186761
0.000186761
0.000186761
0.000186761
0.000186761
0.000186761
0.000186761
0.000186761
0.000186761
0.000186761
0.000186761
0.000186761
0.000186761
0.000186761
0.000186761
