# time = 0.657444 years
7.1028e-05
7.1028e-05
7.1028e-05
7.1028e-05
7.1028e-05
7.1028e-05
7.1028e-05
7.1028e-05
7.1028e-05
7.1028e-05
7.1028e-05
7.1028e-05
7.1028e-05
7.1028e-05
7.1028e-05
7.1028e-05
7.1028e-05
7.1028e-05
7.1028e-05
7.1028e-05
7.1028e-05
7.1028e-05
7.1028e-05
7.1028e-05
7.1028e-05
7.1028e-05
7.1028e-05
7.1028e-05
7.1028e-05
7.1028e-05
7.1028e-05
7.1028e-05
7.1028e-05
7.1028e-05
7.1028e-05
7.1028e-05
7.10279e-05
7.10277e-05
7.10273e-05
7.10265e-05
7.10246e-05
7.10209e-05
7.10134e-05
7.09993e-05
7.09732e-05
7.09269e-05
7.08473e-05
7.07152e-05
7.05033e-05
7.01747e-05
6.96818e-05
6.89665e-05
6.79624e-05
6.65984e-05
6.48049e-05
6.25223e-05
5.97098e-05
5.63546e-05
5.24787e-05
4.81429e-05
4.34458e-05
3.85178e-05
3.35102e-05
2.85822e-05
2.38851e-05
1.95493e-05
1.56734e-05
1.23182e-05
9.5057e-06
7.2231e-06
5.42962e-06
4.06557e-06
3.06148e-06
2.34624e-06
1.8533e-06
1.52467e-06
1.31279e-06
1.18072e-06
1.10113e-06
1.05479e-06
1.02872e-06
1.01456e-06
1.00714e-06
1.00338e-06
1.00154e-06
1.00068e-06
1.00029e-06
1.00012e-06
1.00005e-06
1.00002e-06
1.00001e-06
1e-06
1e-06
1e-06
1e-06
1e-06
1e-06
1e-06
1e-06
1e-06
