# time = 0.457581 years
2.91673e-05
2.94256e-05
2.96839e-05
2.99423e-05
3.02006e-05
3.04589e-05
3.07172e-05
3.09755e-05
3.12338e-05
3.14922e-05
3.17505e-05
3.20088e-05
3.22671e-05
3.25254e-05
3.27837e-05
3.30421e-05
3.33004e-05
3.35587e-05
3.3817e-05
3.40753e-05
3.43336e-05
3.45919e-05
3.48502e-05
3.51083e-05
3.53662e-05
3.56233e-05
3.58789e-05
3.6131e-05
3.63764e-05
3.66087e-05
3.68174e-05
3.69859e-05
3.70893e-05
3.70929e-05
3.69522e-05
3.66141e-05
3.60211e-05
3.51182e-05
3.3862e-05
3.22291e-05
3.02239e-05
2.78814e-05
2.52647e-05
2.24568e-05
1.95474e-05
1.66191e-05
1.37338e-05
1.0926e-05
8.20501e-06
5.58471e-06
3.18045e-06
1.33887e-06
3.81571e-07
8.4385e-08
1.8835e-08
4.82429e-09
1.84811e-09
1.64372e-09
3.09733e-09
4.74454e-09
5.75665e-09
6.24195e-09
6.44669e-09
6.52605e-09
6.55475e-09
6.56448e-09
6.56758e-09
6.56851e-09
6.56877e-09
6.56883e-09
6.56885e-09
6.56885e-09
6.56885e-09
6.56885e-09
6.56885e-09
6.56885e-09
6.56885e-09
6.56885e-09
6.56885e-09
6.56885e-09
6.56885e-09
6.56885e-09
6.56885e-09
6.56885e-09
6.56885e-09
6.56885e-09
6.56885e-09
6.56885e-09
6.56885e-09
6.56885e-09
6.56885e-09
6.56885e-09
6.56885e-09
6.56885e-09
6.56885e-09
6.56885e-09
6.56885e-09
6.56885e-09
6.56885e-09
6.56885e-09
