# time = 1.30963 years
3.5414e-05
3.5414e-05
3.5414e-05
3.5414e-05
3.5414e-05
3.5414e-05
3.5414e-05
3.5414e-05
3.5414e-05
3.54141e-05
3.54141e-05
3.54141e-05
3.54141e-05
3.54141e-05
3.54141e-05
3.54142e-05
3.54142e-05
3.54142e-05
3.54142e-05
3.54142e-05
3.54142e-05
3.54142e-05
3.54142e-05
3.54142e-05
3.54141e-05
3.5411e-05
3.51242e-05
1.81642e-05
2.85547e-07
2.75619e-09
2.69906e-11
2.67015e-13
2.64705e-15
3.66873e-17
1.10091e-17
1.07483e-17
1.07368e-17
1.07274e-17
1.07176e-17
1.07075e-17
1.06969e-17
1.0686e-17
1.06748e-17
1.06631e-17
1.06509e-17
1.06383e-17
1.06252e-17
1.06116e-17
1.05975e-17
1.05829e-17
1.05677e-17
1.05519e-17
1.05356e-17
1.05186e-17
1.05009e-17
1.04826e-17
1.04636e-17
1.04439e-17
1.04234e-17
1.04021e-17
1.038e-17
1.0357e-17
1.03332e-17
1.03084e-17
1.02827e-17
1.0256e-17
1.02282e-17
1.01994e-17
1.01694e-17
1.01383e-17
1.0106e-17
1.00724e-17
1.00375e-17
1.00012e-17
9.96357e-18
9.92443e-18
9.88376e-18
9.8415e-18
9.79758e-18
9.75194e-18
9.70451e-18
9.65523e-18
9.60402e-18
9.5508e-18
9.49548e-18
9.438e-18
9.37825e-18
9.31615e-18
9.25161e-18
9.18453e-18
9.1148e-18
9.04231e-18
8.96694e-18
8.88856e-18
8.80702e-18
8.72216e-18
8.63381e-18
8.54173e-18
8.44568e-18
8.34535e-18
