# time = 0.410245 years
7.1028e-05
7.1028e-05
7.1028e-05
7.1028e-05
7.1028e-05
7.1028e-05
7.1028e-05
7.1028e-05
7.1028e-05
7.1028e-05
7.1028e-05
7.1028e-05
7.1028e-05
7.1028e-05
7.1028e-05
7.1028e-05
7.1028e-05
7.1028e-05
7.10279e-05
7.10277e-05
7.1027e-05
7.10251e-05
7.10204e-05
7.10091e-05
7.09838e-05
7.093e-05
7.08224e-05
7.06193e-05
7.02565e-05
6.96436e-05
6.86628e-05
6.71759e-05
6.50385e-05
6.21238e-05
5.83518e-05
5.37177e-05
4.83112e-05
4.23203e-05
3.6014e-05
2.97077e-05
2.37168e-05
1.83103e-05
1.36762e-05
9.90422e-06
6.98953e-06
4.85209e-06
3.36517e-06
2.38444e-06
1.77148e-06
1.40871e-06
1.20556e-06
1.09801e-06
1.04423e-06
1.01886e-06
1.00759e-06
1.00288e-06
1.00102e-06
1.00034e-06
1.00011e-06
1.00003e-06
1.00001e-06
1e-06
1e-06
1e-06
1e-06
1e-06
1e-06
1e-06
1e-06
1e-06
1e-06
1e-06
1e-06
1e-06
1e-06
1e-06
1e-06
1e-06
1e-06
1e-06
1e-06
1e-06
1e-06
1e-06
1e-06
1e-06
1e-06
1e-06
1e-06
1e-06
1e-06
1e-06
1e-06
1e-06
1e-06
1e-06
1e-06
1e-06
1e-06
1e-06
