# time = 0.0578551 years
2.59545e-05
7.0674e-07
4.63213e-09
4.31087e-11
1.1352e-13
3.88104e-16
2.55256e-19
2.92711e-20
9.38053e-21
1.1106e-20
1.47086e-20
1.47087e-20
1.47087e-20
1.47087e-20
1.47087e-20
1.47087e-20
1.47087e-20
1.47087e-20
1.47087e-20
1.47087e-20
1.47087e-20
1.47087e-20
1.47087e-20
1.47087e-20
1.47087e-20
1.47087e-20
1.47087e-20
1.47087e-20
1.47087e-20
1.47087e-20
1.47087e-20
1.47087e-20
1.47087e-20
1.47087e-20
1.47087e-20
1.47087e-20
1.47087e-20
1.47087e-20
1.47087e-20
1.47087e-20
1.47087e-20
1.47087e-20
1.47087e-20
1.47087e-20
1.47087e-20
1.47087e-20
1.47087e-20
1.47087e-20
1.47087e-20
1.47087e-20
1.47087e-20
1.47087e-20
1.47087e-20
1.47087e-20
1.47087e-20
1.47087e-20
1.47087e-20
1.47087e-20
1.47087e-20
1.47087e-20
1.47087e-20
1.47087e-20
1.47087e-20
1.47087e-20
1.47087e-20
1.47087e-20
1.47087e-20
1.47087e-20
1.47087e-20
1.47087e-20
1.47087e-20
1.47087e-20
1.47087e-20
1.47087e-20
1.47087e-20
1.47087e-20
1.47087e-20
1.47087e-20
1.47087e-20
1.47087e-20
1.47087e-20
1.47087e-20
1.47087e-20
1.47087e-20
1.47087e-20
1.47087e-20
1.47087e-20
1.47087e-20
1.47087e-20
1.47087e-20
1.47087e-20
1.47087e-20
1.47087e-20
1.47087e-20
1.47087e-20
1.47087e-20
1.47087e-20
1.47087e-20
1.47087e-20
1.47087e-20
