# time = 0.957239 years
0.00127992
0.00127915
0.00127838
0.0012776
0.00127683
0.00127605
0.00127528
0.0012745
0.00127373
0.00127295
0.00127218
0.0012714
0.00127063
0.00126985
0.00126908
0.0012683
0.00126753
0.00126675
0.00126601
0.0012676
0.00128069
0.00128045
0.00128022
0.00127957
0.00127863
0.00127776
0.00127702
0.00127629
0.00127551
0.00127472
0.00127394
0.00127317
0.0012724
0.00127162
0.00127085
0.00127007
0.0012693
0.00126852
0.00126775
0.00126697
0.0012662
0.00126542
0.00126465
0.00126387
0.0012631
0.00126232
0.00126155
0.00126077
0.00126
0.00125922
0.00125845
0.00125767
0.0012569
0.00125612
0.00125535
0.00125457
0.0012538
0.00125302
0.00125225
0.00125147
0.00125069
0.00124991
0.00124913
0.00124834
0.00124753
0.0012467
0.00124583
0.00124489
0.00124383
0.0012426
0.00124109
0.00123918
0.00123666
0.00123328
0.00122871
0.00122253
0.00121422
0.00120317
0.00118872
0.00117012
0.00114665
0.0011176
0.00108239
0.0010406
0.000992058
0.000936873
0.000875499
0.000808732
0.000737698
0.000663805
0.000588669
0.000514012
0.000441562
0.000372939
0.00030956
0.000252559
0.000202736
0.00016051
0.00012588
9.83428e-05
