# time = 0.410245 years
0.00127993
0.00127915
0.00127838
0.0012776
0.00127683
0.00127605
0.00127528
0.00127523
0.00129035
0.00129026
0.0012891
0.00128855
0.00128799
0.00128719
0.00128633
0.00128554
0.00128479
0.00128403
0.00128325
0.00128246
0.00128167
0.00128086
0.00128
0.00127901
0.00127776
0.00127598
0.00127319
0.00126863
0.0012611
0.00124893
0.00122994
0.00120159
0.00116124
0.00110657
0.00103614
0.000949946
0.000849703
0.000738972
0.000622811
0.000507131
0.000397837
0.000299972
0.000217068
0.000150825
0.000101124
6.61652e-05
4.253e-05
2.62138e-05
1.50273e-05
8.05372e-06
4.08276e-06
1.96872e-06
9.07441e-07
4.01947e-07
1.75201e-07
7.99232e-08
4.24182e-08
2.85903e-08
2.38209e-08
2.22849e-08
2.1824e-08
2.16956e-08
2.16625e-08
2.16546e-08
2.16528e-08
2.16525e-08
2.16524e-08
2.16524e-08
2.16524e-08
2.16524e-08
2.16524e-08
2.16524e-08
2.16524e-08
2.16524e-08
2.16524e-08
2.16524e-08
2.16524e-08
2.16524e-08
2.16524e-08
2.16524e-08
2.16524e-08
2.16524e-08
2.16524e-08
2.16524e-08
2.16524e-08
2.16524e-08
2.16524e-08
2.16524e-08
2.16524e-08
2.16524e-08
2.16524e-08
2.16524e-08
2.16524e-08
2.16524e-08
2.16524e-08
2.16524e-08
2.16524e-08
2.16524e-08
2.16524e-08
2.16524e-08
