# time = 1.00983 years
0.00127992
0.00127915
0.00127838
0.0012776
0.00127683
0.00127605
0.00127528
0.0012745
0.00127373
0.00127295
0.00127218
0.0012714
0.00127063
0.00126985
0.00126908
0.0012683
0.00126753
0.00126675
0.00126598
0.00126522
0.00126583
0.00128035
0.00127966
0.00127914
0.00127871
0.00127794
0.00127704
0.00127623
0.00127549
0.00127474
0.00127396
0.00127317
0.0012724
0.00127162
0.00127085
0.00127007
0.0012693
0.00126852
0.00126775
0.00126697
0.0012662
0.00126542
0.00126465
0.00126387
0.0012631
0.00126232
0.00126155
0.00126077
0.00126
0.00125922
0.00125845
0.00125767
0.0012569
0.00125612
0.00125535
0.00125457
0.0012538
0.00125302
0.00125225
0.00125147
0.0012507
0.00124992
0.00124915
0.00124837
0.00124759
0.00124681
0.00124603
0.00124524
0.00124444
0.00124362
0.00124277
0.00124186
0.00124086
0.00123972
0.00123836
0.00123667
0.00123451
0.00123166
0.00122786
0.00122276
0.00121594
0.00120688
0.00119501
0.00117966
0.00116018
0.00113587
0.00110613
0.00107044
0.00102846
0.000980088
0.000925474
0.000865084
0.000799696
0.000730376
0.000658443
0.000585397
0.000512834
0.000442352
0.000375459
0.000313481
