# time = 0.857308 years
0.000253044
0.000253288
0.000253532
0.000253777
0.000254021
0.000254265
0.000254509
0.000254753
0.000254997
0.000255241
0.000255485
0.000255728
0.000255972
0.000256216
0.00025646
0.000256704
0.000256948
0.000257191
0.000257435
0.000257679
0.000257923
0.000258166
0.00025841
0.000258654
0.000258897
0.000259141
0.000259384
0.000259628
0.000259871
0.000260115
0.000260358
0.000260602
0.000260845
0.000261089
0.000261332
0.000261576
0.000261819
0.000262062
0.000262306
0.000262549
0.000262792
0.000263035
0.000263279
0.000263522
0.000263765
0.000264008
0.000264251
0.000264494
0.000264737
0.00026498
0.000265223
0.000265466
0.000265709
0.000265952
0.000266194
0.000266437
0.000266678
0.000266917
0.000267154
0.000267387
0.000267612
0.000267826
0.000268021
0.000268188
0.000268313
0.000268378
0.000268359
0.000268226
0.000267943
0.000267466
0.00026675
0.000265745
0.000264402
0.00026268
0.000260542
0.000257969
0.000254957
0.000251521
0.000247695
0.000243533
0.000239102
0.00023448
0.000229746
0.000224975
0.00022023
0.000215561
0.000210999
0.000206562
0.00020227
0.000198189
0.00019448
0.000191415
0.000189223
0.000187902
0.000187209
0.000186858
0.000186665
0.000186552
0.000186483
0.000186439
