# time = 0.510177 years
7.1028e-05
7.1028e-05
7.1028e-05
7.1028e-05
7.1028e-05
7.1028e-05
7.1028e-05
7.1028e-05
7.1028e-05
7.1028e-05
7.1028e-05
7.1028e-05
7.1028e-05
7.1028e-05
7.1028e-05
7.1028e-05
7.1028e-05
7.1028e-05
7.1028e-05
7.1028e-05
7.1028e-05
7.1028e-05
7.1028e-05
7.1028e-05
7.1028e-05
7.10279e-05
7.10277e-05
7.10272e-05
7.10261e-05
7.10234e-05
7.10173e-05
7.10044e-05
7.09781e-05
7.09272e-05
7.08329e-05
7.06657e-05
7.03826e-05
6.99234e-05
6.92104e-05
6.81501e-05
6.66391e-05
6.45754e-05
6.18729e-05
5.84791e-05
5.4391e-05
4.96671e-05
4.44296e-05
3.88579e-05
3.31701e-05
2.75984e-05
2.23609e-05
1.7637e-05
1.35489e-05
1.01551e-05
7.45259e-06
5.38885e-06
3.87791e-06
2.8176e-06
2.10463e-06
1.64543e-06
1.36225e-06
1.19513e-06
1.10079e-06
1.04988e-06
1.02362e-06
1.0107e-06
1.00463e-06
1.00191e-06
1.00075e-06
1.00028e-06
1.0001e-06
1.00003e-06
1.00001e-06
1e-06
1e-06
1e-06
1e-06
1e-06
1e-06
1e-06
1e-06
1e-06
1e-06
1e-06
1e-06
1e-06
1e-06
1e-06
1e-06
1e-06
1e-06
1e-06
1e-06
1e-06
1e-06
1e-06
1e-06
1e-06
1e-06
1e-06
