# time = 0.510177 years
0.00127993
0.00127915
0.00127838
0.0012776
0.00127683
0.00127605
0.00127528
0.0012745
0.00127373
0.00127334
0.00128694
0.00128925
0.00128783
0.00128688
0.0012863
0.00128565
0.00128483
0.001284
0.00128323
0.00128247
0.0012817
0.00128092
0.00128014
0.00127937
0.00127859
0.00127782
0.00127704
0.00127625
0.00127546
0.00127463
0.00127374
0.00127273
0.00127146
0.00126973
0.0012672
0.00126331
0.00125727
0.00124796
0.00123396
0.00121353
0.00118478
0.00114584
0.00109516
0.0010318
0.000955762
0.000868185
0.000771401
0.000668797
0.000564482
0.000462822
0.00036792
0.000283157
0.000210852
0.000152122
0.000106872
7.38243e-05
5.04621e-05
3.36237e-05
2.12333e-05
1.26292e-05
7.1498e-06
3.87869e-06
2.02382e-06
1.01944e-06
4.97297e-07
2.37901e-07
1.15383e-07
6.03776e-08
3.68926e-08
2.73581e-08
2.36799e-08
2.23329e-08
2.18652e-08
2.17114e-08
2.16637e-08
2.16496e-08
2.16458e-08
2.16448e-08
2.16445e-08
2.16445e-08
2.16444e-08
2.16444e-08
2.16444e-08
2.16444e-08
2.16444e-08
2.16444e-08
2.16444e-08
2.16444e-08
2.16444e-08
2.16444e-08
2.16444e-08
2.16444e-08
2.16444e-08
2.16444e-08
2.16444e-08
2.16444e-08
2.16444e-08
2.16444e-08
2.16444e-08
2.16444e-08
