# time = 0.510177 years
3.5414e-05
3.5414e-05
3.5414e-05
3.5414e-05
3.5414e-05
3.5414e-05
3.5414e-05
3.54139e-05
3.54082e-05
3.48959e-05
1.22499e-05
1.55681e-07
1.522e-09
1.51072e-11
1.49784e-13
1.48444e-15
2.28946e-17
8.42926e-18
8.18091e-18
8.06798e-18
7.95238e-18
7.83229e-18
7.70705e-18
7.5767e-18
7.44149e-18
7.30106e-18
7.15479e-18
7.00244e-18
6.84414e-18
6.67974e-18
6.50863e-18
6.3301e-18
6.1437e-18
5.94894e-18
5.74483e-18
5.52976e-18
5.30178e-18
5.05888e-18
4.79918e-18
4.52093e-18
4.22289e-18
3.90501e-18
3.5691e-18
3.21926e-18
2.86169e-18
2.50411e-18
2.15503e-18
1.82279e-18
1.5147e-18
1.23622e-18
9.90548e-19
7.7871e-19
6.00171e-19
4.53605e-19
3.3734e-19
2.48987e-19
1.84242e-19
1.37019e-19
1.02914e-19
8.06077e-20
6.94479e-20
6.97146e-20
8.5474e-20
1.16655e-19
1.28855e-19
1.30674e-19
1.3107e-19
1.31196e-19
1.31243e-19
1.3126e-19
1.31267e-19
1.3127e-19
1.3127e-19
1.31271e-19
1.31271e-19
1.31271e-19
1.31271e-19
1.31271e-19
1.31271e-19
1.31271e-19
1.31271e-19
1.31271e-19
1.31271e-19
1.31271e-19
1.31271e-19
1.31271e-19
1.31271e-19
1.31271e-19
1.31271e-19
1.31271e-19
1.31271e-19
1.31271e-19
1.31271e-19
1.31271e-19
1.31271e-19
1.31271e-19
1.31271e-19
1.31271e-19
1.31271e-19
1.31271e-19
