# time = 0 years
1e-15
1e-15
1e-15
1e-15
1e-15
1e-15
1e-15
1e-15
1e-15
1e-15
1e-15
1e-15
1e-15
1e-15
1e-15
1e-15
1e-15
1e-15
1e-15
1e-15
1e-15
1e-15
1e-15
1e-15
1e-15
1e-15
1e-15
1e-15
1e-15
1e-15
1e-15
1e-15
1e-15
1e-15
1e-15
1e-15
1e-15
1e-15
1e-15
1e-15
1e-15
1e-15
1e-15
1e-15
1e-15
1e-15
1e-15
1e-15
1e-15
1e-15
1e-15
1e-15
1e-15
1e-15
1e-15
1e-15
1e-15
1e-15
1e-15
1e-15
1e-15
1e-15
1e-15
1e-15
1e-15
1e-15
1e-15
1e-15
1e-15
1e-15
1e-15
1e-15
1e-15
1e-15
1e-15
1e-15
1e-15
1e-15
1e-15
1e-15
1e-15
1e-15
1e-15
1e-15
1e-15
1e-15
1e-15
1e-15
1e-15
1e-15
1e-15
1e-15
1e-15
1e-15
1e-15
1e-15
1e-15
1e-15
1e-15
1e-15
