# time = 0.957239 years
3.54141e-05
3.54141e-05
3.54141e-05
3.54141e-05
3.5414e-05
3.5414e-05
3.5414e-05
3.5414e-05
3.5414e-05
3.5414e-05
3.5414e-05
3.5414e-05
3.5414e-05
3.5414e-05
3.5414e-05
3.5414e-05
3.5414e-05
3.54136e-05
3.53756e-05
3.21366e-05
2.10166e-06
2.23055e-08
2.21396e-10
2.16691e-12
2.12172e-14
2.19991e-16
1.36246e-17
1.16152e-17
1.16197e-17
1.1645e-17
1.16717e-17
1.16997e-17
1.17287e-17
1.17587e-17
1.179e-17
1.18226e-17
1.18567e-17
1.18922e-17
1.1929e-17
1.19672e-17
1.2007e-17
1.20486e-17
1.20919e-17
1.21369e-17
1.21836e-17
1.22323e-17
1.22829e-17
1.23357e-17
1.23906e-17
1.24477e-17
1.25071e-17
1.25688e-17
1.26331e-17
1.27e-17
1.27697e-17
1.28421e-17
1.29174e-17
1.29958e-17
1.30773e-17
1.31621e-17
1.32503e-17
1.33421e-17
1.34376e-17
1.35368e-17
1.36399e-17
1.37469e-17
1.3858e-17
1.39731e-17
1.40921e-17
1.42147e-17
1.43402e-17
1.44679e-17
1.45964e-17
1.4724e-17
1.4848e-17
1.4965e-17
1.50709e-17
1.51601e-17
1.52263e-17
1.52621e-17
1.52593e-17
1.52091e-17
1.51024e-17
1.49306e-17
1.46857e-17
1.43609e-17
1.39513e-17
1.34545e-17
1.28705e-17
1.22023e-17
1.14554e-17
1.06385e-17
9.76275e-18
8.84214e-18
7.89384e-18
6.9387e-18
6.00155e-18
5.11059e-18
4.29443e-18
3.57564e-18
