# time = 0.610108 years
7.1028e-05
7.1028e-05
7.1028e-05
7.1028e-05
7.1028e-05
7.1028e-05
7.1028e-05
7.1028e-05
7.1028e-05
7.1028e-05
7.1028e-05
7.1028e-05
7.1028e-05
7.1028e-05
7.1028e-05
7.1028e-05
7.1028e-05
7.1028e-05
7.1028e-05
7.1028e-05
7.1028e-05
7.1028e-05
7.1028e-05
7.1028e-05
7.1028e-05
7.1028e-05
7.1028e-05
7.1028e-05
7.1028e-05
7.1028e-05
7.1028e-05
7.1028e-05
7.10279e-05
7.10278e-05
7.10275e-05
7.10268e-05
7.10254e-05
7.10222e-05
7.10157e-05
7.10029e-05
7.09785e-05
7.0934e-05
7.08554e-05
7.07221e-05
7.0504e-05
7.01599e-05
6.96362e-05
6.88673e-05
6.77781e-05
6.62888e-05
6.4323e-05
6.18174e-05
5.87337e-05
5.50681e-05
5.08595e-05
4.61918e-05
4.11906e-05
3.6014e-05
3.08374e-05
2.58362e-05
2.11685e-05
1.69599e-05
1.32943e-05
1.02106e-05
7.70504e-06
5.73916e-06
4.24986e-06
3.16067e-06
2.39182e-06
1.86812e-06
1.52397e-06
1.30585e-06
1.17255e-06
1.09404e-06
1.04947e-06
1.02511e-06
1.01229e-06
1.0058e-06
1.00263e-06
1.00115e-06
1.00048e-06
1.0002e-06
1.00008e-06
1.00003e-06
1.00001e-06
1e-06
1e-06
1e-06
1e-06
1e-06
1e-06
1e-06
1e-06
1e-06
1e-06
1e-06
1e-06
1e-06
1e-06
1e-06
