# time = 0.657444 years
2.91584
2.91611
2.91638
2.91666
2.91693
2.9172
2.91747
2.91774
2.91801
2.91828
2.91856
2.91883
2.91905
2.91693
2.91671
2.91703
2.91746
2.91776
2.91798
2.91822
2.91851
2.91879
2.91906
2.91933
2.9196
2.91987
2.92014
2.92041
2.92069
2.92096
2.92123
2.9215
2.92178
2.92205
2.92232
2.92259
2.92287
2.92314
2.92342
2.9237
2.92398
2.92428
2.9246
2.92497
2.92541
2.92598
2.92676
2.92789
2.92952
2.93191
2.93538
2.94033
2.94725
2.95672
2.96939
2.98596
3.0072
3.03386
3.06676
3.10666
3.15433
3.21051
3.27591
3.35119
3.43694
3.53359
3.64134
3.75982
3.88773
4.02246
4.16083
4.30294
4.45591
4.62966
4.82873
5.05353
5.30851
5.60884
5.99525
6.53709
7.02082
7.27136
7.39212
7.44997
7.47735
7.49004
7.49575
7.49824
7.49928
7.4997
7.49987
7.49993
7.49995
7.49996
7.49996
7.49996
7.49996
7.49996
7.49996
7.49996
