# time = 0.410245 years
2.91584
2.91611
2.91638
2.91666
2.91693
2.9172
2.91747
2.91756
2.91476
2.91552
2.91594
2.91613
2.91632
2.9166
2.9169
2.91717
2.91743
2.9177
2.91797
2.91825
2.91852
2.9188
2.91911
2.91945
2.91988
2.92049
2.92145
2.92301
2.92559
2.92979
2.93641
2.94649
2.96126
2.98211
3.01053
3.04809
3.09634
3.15677
3.23085
3.31991
3.4252
3.54778
3.68833
3.84666
4.02073
4.20616
4.40135
4.61877
4.8746
5.17438
5.53457
6.01964
6.72841
7.19784
7.38497
7.45752
7.48501
7.49499
7.49841
7.49951
7.49984
7.49994
7.49996
7.49996
7.49997
7.49997
7.49997
7.49997
7.49997
7.49997
7.49997
7.49997
7.49997
7.49997
7.49997
7.49997
7.49997
7.49997
7.49997
7.49997
7.49997
7.49997
7.49997
7.49997
7.49997
7.49997
7.49997
7.49997
7.49997
7.49997
7.49997
7.49997
7.49997
7.49997
7.49997
7.49997
7.49997
7.49997
7.49997
7.49997
