# time = 0.957239 years
2.91584
2.91611
2.91638
2.91666
2.91693
2.9172
2.91747
2.91774
2.91801
2.91828
2.91856
2.91883
2.9191
2.91937
2.91965
2.91992
2.92019
2.92046
2.92073
2.92043
2.91865
2.91895
2.91903
2.91926
2.91959
2.91989
2.92015
2.92041
2.92068
2.92096
2.92123
2.9215
2.92177
2.92205
2.92232
2.92259
2.92287
2.92314
2.92341
2.92369
2.92396
2.92424
2.92451
2.92478
2.92506
2.92533
2.92561
2.92588
2.92616
2.92643
2.92671
2.92699
2.92726
2.92754
2.92781
2.92809
2.92837
2.92864
2.92892
2.9292
2.92948
2.92976
2.93004
2.93032
2.93061
2.93091
2.93122
2.93156
2.93193
2.93237
2.9329
2.93358
2.93447
2.93566
2.93728
2.93947
2.94242
2.94638
2.95162
2.95844
2.96721
2.97831
2.99216
3.0092
3.02987
3.05464
3.08397
3.11832
3.15814
3.20388
3.25595
3.31475
3.38066
3.45394
3.53477
3.62309
3.71843
3.81973
3.92515
4.03238
