# time = 1.00983 years
2.91584
2.91611
2.91638
2.91666
2.91693
2.9172
2.91747
2.91774
2.91801
2.91828
2.91856
2.91883
2.9191
2.91937
2.91965
2.91992
2.92019
2.92046
2.92074
2.92101
2.92094
2.9186
2.91923
2.91941
2.91956
2.91983
2.92014
2.92043
2.92069
2.92095
2.92123
2.9215
2.92178
2.92205
2.92232
2.92259
2.92287
2.92314
2.92341
2.92369
2.92396
2.92424
2.92451
2.92478
2.92506
2.92533
2.92561
2.92588
2.92616
2.92643
2.92671
2.92699
2.92726
2.92754
2.92781
2.92809
2.92837
2.92864
2.92892
2.9292
2.92948
2.92975
2.93003
2.93031
2.93059
2.93087
2.93115
2.93143
2.93172
2.93201
2.93232
2.93265
2.93301
2.93341
2.9339
2.93449
2.93526
2.93627
2.93761
2.93942
2.94185
2.94509
2.94938
2.95497
2.96218
2.97134
2.98282
2.99702
3.01433
3.03518
3.05999
3.08921
3.12325
3.16252
3.20745
3.25843
3.31581
3.37995
3.45109
3.52937
