# time = 0.210382 years
2.91584
2.91611
2.91638
2.91607
2.91434
2.91464
2.91472
2.91496
2.91534
2.91581
2.91658
2.91819
2.92162
2.9285
2.9413
2.96325
2.9982
3.05027
3.1236
3.22214
3.34956
3.50919
3.70388
3.93518
4.20092
4.49594
4.84221
5.27879
5.88097
6.86005
7.34173
7.46376
7.49268
7.49873
7.4998
7.49995
7.49997
7.49997
7.49997
7.49997
7.49997
7.49997
7.49997
7.49997
7.49997
7.49997
7.49997
7.49997
7.49997
7.49997
7.49997
7.49997
7.49997
7.49997
7.49997
7.49997
7.49997
7.49997
7.49997
7.49997
7.49997
7.49997
7.49997
7.49997
7.49997
7.49997
7.49997
7.49997
7.49997
7.49997
7.49997
7.49997
7.49997
7.49997
7.49997
7.49997
7.49997
7.49997
7.49997
7.49997
7.49997
7.49997
7.49997
7.49997
7.49997
7.49997
7.49997
7.49997
7.49997
7.49997
7.49997
7.49997
7.49997
7.49997
7.49997
7.49997
7.49997
7.49997
7.49997
7.49997
