# time = 0.510177 years
2.91584
2.91611
2.91638
2.91666
2.91693
2.9172
2.91747
2.91774
2.91801
2.91819
2.91542
2.91586
2.91638
2.91671
2.91691
2.91714
2.91742
2.91771
2.91798
2.91824
2.91851
2.91879
2.91906
2.91933
2.9196
2.91987
2.92014
2.92042
2.9207
2.92099
2.9213
2.92165
2.92209
2.92269
2.92356
2.9249
2.92698
2.9302
2.93508
2.9423
2.95267
2.96712
2.98668
3.01244
3.04555
3.08713
3.13829
3.2001
3.27358
3.35969
3.45926
3.57296
3.70105
3.84295
3.99655
4.15799
4.32537
4.50642
4.71482
4.95637
5.23416
5.56421
5.99793
6.62386
7.11373
7.33519
7.43096
7.47192
7.489
7.49587
7.49851
7.49947
7.49981
7.49992
7.49995
7.49996
7.49996
7.49996
7.49996
7.49996
7.49996
7.49996
7.49996
7.49996
7.49996
7.49996
7.49996
7.49996
7.49996
7.49996
7.49996
7.49996
7.49996
7.49996
7.49996
7.49996
7.49996
7.49996
7.49996
7.49996
