# time = 0.457581 years
2.91584
2.91611
2.91638
2.91666
2.91693
2.9172
2.91747
2.91774
2.91784
2.91502
2.91577
2.9162
2.91641
2.91659
2.91687
2.91717
2.91744
2.91771
2.91797
2.91824
2.91852
2.91879
2.91906
2.91933
2.91961
2.9199
2.92021
2.92058
2.92104
2.9217
2.92272
2.92432
2.9269
2.93096
2.93721
2.94651
2.95991
2.97856
3.00373
3.03675
3.07894
3.1316
3.19599
3.2733
3.36466
3.47104
3.59322
3.73151
3.88515
4.05152
4.22632
4.40995
4.61524
4.85541
5.13419
5.46311
5.88587
6.51304
7.07771
7.32869
7.43195
7.47387
7.4904
7.49664
7.49887
7.49963
7.49987
7.49994
7.49996
7.49996
7.49997
7.49997
7.49997
7.49997
7.49997
7.49997
7.49997
7.49997
7.49997
7.49997
7.49997
7.49997
7.49997
7.49997
7.49997
7.49997
7.49997
7.49997
7.49997
7.49997
7.49997
7.49997
7.49997
7.49997
7.49997
7.49997
7.49997
7.49997
7.49997
7.49997
