+---------+---------+----------------+----------------+----------------+
|  x [m]  |  y [m]  |  Analytic [m]  | Amanzi(1st)[m] | Amanzi(2nd)[m] |
+---------+---------+----------------+----------------+----------------+
| -210.0  |   0.0   |  0.0000000209  |  0.0000001676  |  0.0000000309  |
+---------+---------+----------------+----------------+----------------+
| -150.0  |   0.0   |  0.0000004110  |  0.0000016471  |  0.0000005256  |
+---------+---------+----------------+----------------+----------------+
|  -90.0  |   0.0   |  0.0000087238  |  0.0000173507  |  0.0000095513  |
+---------+---------+----------------+----------------+----------------+
|  -30.0  |   0.0   |  0.0002359160  |  0.0002051387  |  0.0001815289  |
+---------+---------+----------------+----------------+----------------+
|    0.0  |   0.0   |  0.0037752900  |  0.0040736264  |  0.0039376199  |
+---------+---------+----------------+----------------+----------------+
|   30.0  |   0.0   |  0.0009647730  |  0.0009308644  |  0.0009443393  |
+---------+---------+----------------+----------------+----------------+
|   90.0  |   0.0   |  0.0005966790  |  0.0005852416  |  0.0005916834  |
+---------+---------+----------------+----------------+----------------+
|  150.0  |   0.0   |  0.0004701060  |  0.0004666473  |  0.0004688883  |
+---------+---------+----------------+----------------+----------------+
|  210.0  |   0.0   |  0.0003995710  |  0.0003968651  |  0.0003991213  |
+---------+---------+----------------+----------------+----------------+
|  270.0  |   0.0   |  0.0003515800  |  0.0003479374  |  0.0003513684  |
+---------+---------+----------------+----------------+----------------+
|  330.0  |   0.0   |  0.0003137360  |  0.0003084547  |  0.0003135853  |
+---------+---------+----------------+----------------+----------------+
|  390.0  |   0.0   |  0.0002794280  |  0.0002725370  |  0.0002792774  |
+---------+---------+----------------+----------------+----------------+
|  450.0  |   0.0   |  0.0002445070  |  0.0002369188  |  0.0002443634  |
+---------+---------+----------------+----------------+----------------+
|  510.0  |   0.0   |  0.0002068110  |  0.0002002079  |  0.0002067133  |
+---------+---------+----------------+----------------+----------------+
|  570.0  |   0.0   |  0.0001664060  |  0.0001626575  |  0.0001663835  |
+---------+---------+----------------+----------------+----------------+
|  630.0  |   0.0   |  0.0001255100  |  0.0001258212  |  0.0001255500  |
+---------+---------+----------------+----------------+----------------+
|  690.0  |   0.0   |  0.0000876140  |  0.0000919078  |  0.0000876638  |
+---------+---------+----------------+----------------+----------------+
|  750.0  |   0.0   |  0.0000560091  |  0.0000629740  |  0.0000560201  |
+---------+---------+----------------+----------------+----------------+
|  810.0  |   0.0   |  0.0000325149  |  0.0000402617  |  0.0000324690  |
+---------+---------+----------------+----------------+----------------+
|  870.0  |   0.0   |  0.0000170276  |  0.0000239412  |  0.0000169471  |
+---------+---------+----------------+----------------+----------------+
|  930.0  |   0.0   |  0.0000080023  |  0.0000135485  |  0.0000080253  |
+---------+---------+----------------+----------------+----------------+

