# time = 0.557513 years
0.00127993
0.00127915
0.00127838
0.0012776
0.00127683
0.00127605
0.00127528
0.0012745
0.00127373
0.00127295
0.00127254
0.00128587
0.0012885
0.0012871
0.00128611
0.00128551
0.00128487
0.00128406
0.00128323
0.00128245
0.0012817
0.00128093
0.00128015
0.00127937
0.00127859
0.00127782
0.00127705
0.00127627
0.00127549
0.00127472
0.00127394
0.00127315
0.00127234
0.0012715
0.00127059
0.00126953
0.00126821
0.00126641
0.00126381
0.00125991
0.00125398
0.00124503
0.00123183
0.00121286
0.00118648
0.00115103
0.00110509
0.0010477
0.000978612
0.000898523
0.000809115
0.000713024
0.000613624
0.000514693
0.000420011
0.000332949
0.000256135
0.000191248
0.000138936
9.8825e-05
6.94799e-05
4.83917e-05
3.27804e-05
2.10818e-05
1.28367e-05
7.47249e-06
4.18345e-06
2.25995e-06
1.18193e-06
5.99949e-07
2.97887e-07
1.48032e-07
7.70315e-08
4.48868e-08
3.09773e-08
2.52266e-08
2.29564e-08
2.21013e-08
2.17944e-08
2.16895e-08
2.16554e-08
2.16449e-08
2.16418e-08
2.1641e-08
2.16407e-08
2.16407e-08
2.16407e-08
2.16407e-08
2.16407e-08
2.16407e-08
2.16407e-08
2.16407e-08
2.16407e-08
2.16407e-08
2.16407e-08
2.16407e-08
2.16407e-08
2.16407e-08
2.16407e-08
2.16407e-08
