# time = 0.757376 years
2.91673e-05
2.94256e-05
2.96839e-05
2.99423e-05
3.02006e-05
3.04589e-05
3.07172e-05
3.09755e-05
3.12338e-05
3.14922e-05
3.17505e-05
3.20088e-05
3.22671e-05
3.25254e-05
3.27837e-05
3.30421e-05
3.33004e-05
3.35587e-05
3.3817e-05
3.40753e-05
3.43336e-05
3.4592e-05
3.48503e-05
3.51086e-05
3.53669e-05
3.56252e-05
3.58835e-05
3.61419e-05
3.64002e-05
3.66585e-05
3.69168e-05
3.71751e-05
3.74334e-05
3.76918e-05
3.79501e-05
3.82084e-05
3.84667e-05
3.8725e-05
3.89833e-05
3.92417e-05
3.95e-05
3.97583e-05
4.00166e-05
4.02749e-05
4.05332e-05
4.07914e-05
4.10495e-05
4.13074e-05
4.15649e-05
4.18217e-05
4.20771e-05
4.233e-05
4.25788e-05
4.28207e-05
4.30516e-05
4.32654e-05
4.34535e-05
4.36043e-05
4.37023e-05
4.37283e-05
4.36595e-05
4.34693e-05
4.31294e-05
4.26109e-05
4.18865e-05
4.09337e-05
3.97363e-05
3.82873e-05
3.65899e-05
3.46574e-05
3.25122e-05
3.01837e-05
2.7704e-05
2.51047e-05
2.24126e-05
1.96465e-05
1.68162e-05
1.39248e-05
1.0982e-05
8.03843e-06
5.25171e-06
2.91774e-06
1.32269e-06
4.8809e-07
1.5795e-07
4.97871e-08
1.60728e-08
5.62409e-09
2.41859e-09
1.5465e-09
1.80822e-09
3.0018e-09
4.32798e-09
5.31208e-09
5.91529e-09
6.24819e-09
6.42015e-09
6.50478e-09
6.5448e-09
6.56305e-09
