# time = 0.510177 years
0.000253044
0.000253288
0.000253532
0.000253777
0.000254021
0.000254265
0.000254509
0.000254753
0.000254997
0.000255241
0.000255485
0.000255728
0.000255972
0.000256216
0.00025646
0.000256704
0.000256948
0.000257191
0.000257435
0.000257679
0.000257923
0.000258166
0.00025841
0.000258654
0.000258897
0.000259141
0.000259384
0.000259627
0.00025987
0.000260111
0.000260348
0.00026058
0.000260798
0.000260993
0.000261147
0.000261232
0.000261206
0.000261011
0.000260573
0.0002598
0.000258591
0.000256844
0.000254467
0.000251401
0.000247629
0.000243189
0.000238176
0.000232739
0.000227058
0.00022133
0.000215735
0.000210419
0.000205475
0.000200944
0.000196835
0.000193197
0.000190257
0.000188344
0.000187413
0.000187022
0.000186839
0.000186743
0.000186692
0.000186666
0.000186653
0.000186648
0.000186646
0.000186645
0.000186644
0.000186644
0.000186644
0.000186644
0.000186644
0.000186644
0.000186644
0.000186644
0.000186644
0.000186644
0.000186644
0.000186644
0.000186644
0.000186644
0.000186644
0.000186644
0.000186644
0.000186644
0.000186644
0.000186644
0.000186644
0.000186644
0.000186644
0.000186644
0.000186644
0.000186644
0.000186644
0.000186644
0.000186644
0.000186644
0.000186644
0.000186644
