# time = 0.610108 years
2.91673e-05
2.94256e-05
2.96839e-05
2.99423e-05
3.02006e-05
3.04589e-05
3.07172e-05
3.09755e-05
3.12338e-05
3.14922e-05
3.17505e-05
3.20088e-05
3.22671e-05
3.25254e-05
3.27837e-05
3.30421e-05
3.33004e-05
3.35587e-05
3.3817e-05
3.40753e-05
3.43336e-05
3.4592e-05
3.48503e-05
3.51086e-05
3.53669e-05
3.56252e-05
3.58835e-05
3.61419e-05
3.64002e-05
3.66585e-05
3.69168e-05
3.71751e-05
3.74334e-05
3.76917e-05
3.79499e-05
3.82079e-05
3.84656e-05
3.87226e-05
3.89781e-05
3.9231e-05
3.94789e-05
3.97181e-05
3.99428e-05
4.01437e-05
4.03079e-05
4.04169e-05
4.0447e-05
4.03684e-05
4.01462e-05
3.97423e-05
3.91183e-05
3.82394e-05
3.70787e-05
3.56219e-05
3.38697e-05
3.18397e-05
2.95652e-05
2.70911e-05
2.44687e-05
2.17487e-05
1.89744e-05
1.61759e-05
1.33685e-05
1.05573e-05
7.75973e-06
5.06952e-06
2.74853e-06
1.15237e-06
3.69081e-07
1.01708e-07
2.79736e-08
8.20823e-09
2.91378e-09
1.59296e-09
1.7932e-09
3.14337e-09
4.58147e-09
5.55573e-09
6.0938e-09
6.36007e-09
6.48283e-09
6.53643e-09
6.55876e-09
6.56765e-09
6.57104e-09
6.57227e-09
6.5727e-09
6.57285e-09
6.57289e-09
6.57291e-09
6.57291e-09
6.57291e-09
6.57291e-09
6.57291e-09
6.57291e-09
6.57291e-09
6.57291e-09
6.57291e-09
6.57291e-09
6.57291e-09
