# time = 1.05717 years
2.91673e-05
2.94256e-05
2.96839e-05
2.99423e-05
3.02006e-05
3.04589e-05
3.07172e-05
3.09755e-05
3.12338e-05
3.14922e-05
3.17505e-05
3.20088e-05
3.22671e-05
3.25254e-05
3.27837e-05
3.30421e-05
3.33004e-05
3.35587e-05
3.3817e-05
3.40753e-05
3.43336e-05
3.4592e-05
3.48503e-05
3.51086e-05
3.53669e-05
3.56252e-05
3.58835e-05
3.61419e-05
3.64002e-05
3.66585e-05
3.69168e-05
3.71751e-05
3.74334e-05
3.76918e-05
3.79501e-05
3.82084e-05
3.84667e-05
3.8725e-05
3.89833e-05
3.92417e-05
3.95e-05
3.97583e-05
4.00166e-05
4.02749e-05
4.05332e-05
4.07915e-05
4.10499e-05
4.13082e-05
4.15665e-05
4.18248e-05
4.20831e-05
4.23414e-05
4.25998e-05
4.28581e-05
4.31164e-05
4.33747e-05
4.3633e-05
4.38913e-05
4.41497e-05
4.4408e-05
4.46663e-05
4.49246e-05
4.51829e-05
4.54412e-05
4.56995e-05
4.59578e-05
4.62162e-05
4.64744e-05
4.67327e-05
4.69909e-05
4.7249e-05
4.7507e-05
4.77647e-05
4.80219e-05
4.82783e-05
4.85335e-05
4.87866e-05
4.90364e-05
4.92814e-05
4.95189e-05
4.97458e-05
4.99573e-05
5.01474e-05
5.03083e-05
5.04301e-05
5.0501e-05
5.0507e-05
5.0432e-05
5.02586e-05
4.9968e-05
4.95414e-05
4.89606e-05
4.82091e-05
4.72734e-05
4.61435e-05
4.4814e-05
4.32842e-05
4.1558e-05
3.96436e-05
3.75519e-05
