# time = 0.157787 years
7.1028e-05
7.1028e-05
7.10279e-05
7.10275e-05
7.10244e-05
7.10089e-05
7.09469e-05
7.07433e-05
7.01835e-05
6.88771e-05
6.62645e-05
6.17517e-05
5.49825e-05
4.61306e-05
3.6014e-05
2.58974e-05
1.70455e-05
1.02763e-05
5.76351e-06
3.15085e-06
1.84452e-06
1.28467e-06
1.08108e-06
1.01912e-06
1.00363e-06
1.00053e-06
1.00006e-06
1e-06
1e-06
1e-06
1e-06
1e-06
1e-06
1e-06
1e-06
1e-06
1e-06
1e-06
1e-06
1e-06
1e-06
1e-06
1e-06
1e-06
1e-06
1e-06
1e-06
1e-06
1e-06
1e-06
1e-06
1e-06
1e-06
1e-06
1e-06
1e-06
1e-06
1e-06
1e-06
1e-06
1e-06
1e-06
1e-06
1e-06
1e-06
1e-06
1e-06
1e-06
1e-06
1e-06
1e-06
1e-06
1e-06
1e-06
1e-06
1e-06
1e-06
1e-06
1e-06
1e-06
1e-06
1e-06
1e-06
1e-06
1e-06
1e-06
1e-06
1e-06
1e-06
1e-06
1e-06
1e-06
1e-06
1e-06
1e-06
1e-06
1e-06
1e-06
1e-06
1e-06
