# time = 0.71004 years
3.5414e-05
3.5414e-05
3.5414e-05
3.5414e-05
3.5414e-05
3.5414e-05
3.5414e-05
3.5414e-05
3.5414e-05
3.5414e-05
3.5414e-05
3.5414e-05
3.54124e-05
3.5268e-05
2.48226e-05
5.83897e-07
5.7486e-09
5.57678e-11
5.47335e-13
5.41557e-15
6.2974e-17
1.01049e-17
9.52936e-18
9.46623e-18
9.40585e-18
9.34321e-18
9.2781e-18
9.21033e-18
9.13985e-18
9.06666e-18
8.99062e-18
8.9115e-18
8.82918e-18
8.74362e-18
8.65474e-18
8.56237e-18
8.46629e-18
8.36632e-18
8.2624e-18
8.15443e-18
8.04223e-18
7.92554e-18
7.80414e-18
7.67787e-18
7.54657e-18
7.41003e-18
7.26793e-18
7.11984e-18
6.96531e-18
6.80378e-18
6.63458e-18
6.4568e-18
6.26924e-18
6.07048e-18
5.85889e-18
5.63281e-18
5.39068e-18
5.13123e-18
4.85371e-18
4.5582e-18
4.24586e-18
3.91913e-18
3.58177e-18
3.23869e-18
2.8956e-18
2.55855e-18
2.2334e-18
1.92537e-18
1.63863e-18
1.37615e-18
1.13975e-18
9.30304e-19
7.48154e-19
5.93388e-19
4.6577e-19
3.64033e-19
2.84818e-19
2.23002e-19
1.74346e-19
1.37283e-19
1.1156e-19
9.6652e-20
9.24041e-20
1.00727e-19
1.26794e-19
1.61737e-19
1.74069e-19
1.76498e-19
1.77132e-19
1.77356e-19
1.77449e-19
1.77491e-19
1.7751e-19
1.77518e-19
1.77521e-19
1.77523e-19
1.77524e-19
1.77524e-19
1.77524e-19
1.77524e-19
