# time = 0.0578551 years
0.00025298
0.000252579
0.000249918
0.000242402
0.000229023
0.000212797
0.000199055
0.000190845
0.000187471
0.000187021
0.00018699
0.00018699
0.00018699
0.00018699
0.00018699
0.00018699
0.00018699
0.00018699
0.00018699
0.00018699
0.00018699
0.00018699
0.00018699
0.00018699
0.00018699
0.00018699
0.00018699
0.00018699
0.00018699
0.00018699
0.00018699
0.00018699
0.00018699
0.00018699
0.00018699
0.00018699
0.00018699
0.00018699
0.00018699
0.00018699
0.00018699
0.00018699
0.00018699
0.00018699
0.00018699
0.00018699
0.00018699
0.00018699
0.00018699
0.00018699
0.00018699
0.00018699
0.00018699
0.00018699
0.00018699
0.00018699
0.00018699
0.00018699
0.00018699
0.00018699
0.00018699
0.00018699
0.00018699
0.00018699
0.00018699
0.00018699
0.00018699
0.00018699
0.00018699
0.00018699
0.00018699
0.00018699
0.00018699
0.00018699
0.00018699
0.00018699
0.00018699
0.00018699
0.00018699
0.00018699
0.00018699
0.00018699
0.00018699
0.00018699
0.00018699
0.00018699
0.00018699
0.00018699
0.00018699
0.00018699
0.00018699
0.00018699
0.00018699
0.00018699
0.00018699
0.00018699
0.00018699
0.00018699
0.00018699
0.00018699
