# time = 0.457581 years
0.000253044
0.000253288
0.000253532
0.000253777
0.000254021
0.000254265
0.000254509
0.000254753
0.000254997
0.000255241
0.000255485
0.000255728
0.000255972
0.000256216
0.00025646
0.000256704
0.000256948
0.000257191
0.000257435
0.000257679
0.000257923
0.000258166
0.00025841
0.000258653
0.000258896
0.000259137
0.000259374
0.000259604
0.000259818
0.000260004
0.000260137
0.000260181
0.000260081
0.000259761
0.000259125
0.000258057
0.000256438
0.000254153
0.000251119
0.000247302
0.000242733
0.000237518
0.000231825
0.000225871
0.000219889
0.000214093
0.000208654
0.000203673
0.000199187
0.000195199
0.000191782
0.000189227
0.000187789
0.000187183
0.000186929
0.000186805
0.000186741
0.000186709
0.000186694
0.000186688
0.000186686
0.000186685
0.000186685
0.000186684
0.000186684
0.000186684
0.000186684
0.000186684
0.000186684
0.000186684
0.000186684
0.000186684
0.000186684
0.000186684
0.000186684
0.000186684
0.000186684
0.000186684
0.000186684
0.000186684
0.000186684
0.000186684
0.000186684
0.000186684
0.000186684
0.000186684
0.000186684
0.000186684
0.000186684
0.000186684
0.000186684
0.000186684
0.000186684
0.000186684
0.000186684
0.000186684
0.000186684
0.000186684
0.000186684
0.000186684
