# time = 0.210382 years
3.5414e-05
3.54136e-05
3.53748e-05
3.20883e-05
2.09222e-06
2.20645e-08
2.21337e-10
2.13531e-12
2.13372e-14
2.19894e-16
1.99522e-17
1.81707e-17
1.83498e-17
1.84609e-17
1.84251e-17
1.81476e-17
1.75392e-17
1.65355e-17
1.5112e-17
1.32975e-17
1.11827e-17
8.90215e-18
6.62559e-18
4.56145e-18
2.92513e-18
1.82287e-18
1.17179e-18
8.93155e-19
1.02579e-18
1.57978e-18
1.65963e-18
1.66537e-18
1.66635e-18
1.66655e-18
1.66658e-18
1.66658e-18
1.66659e-18
1.66659e-18
1.66659e-18
1.66659e-18
1.66659e-18
1.66659e-18
1.66659e-18
1.66659e-18
1.66659e-18
1.66659e-18
1.66659e-18
1.66659e-18
1.66659e-18
1.66659e-18
1.66659e-18
1.66659e-18
1.66659e-18
1.66659e-18
1.66659e-18
1.66659e-18
1.66659e-18
1.66659e-18
1.66659e-18
1.66659e-18
1.66659e-18
1.66659e-18
1.66659e-18
1.66659e-18
1.66659e-18
1.66659e-18
1.66659e-18
1.66659e-18
1.66659e-18
1.66659e-18
1.66659e-18
1.66659e-18
1.66659e-18
1.66659e-18
1.66659e-18
1.66659e-18
1.66659e-18
1.66659e-18
1.66659e-18
1.66659e-18
1.66659e-18
1.66659e-18
1.66659e-18
1.66659e-18
1.66659e-18
1.66659e-18
1.66659e-18
1.66659e-18
1.66659e-18
1.66659e-18
1.66659e-18
1.66659e-18
1.66659e-18
1.66659e-18
1.66659e-18
1.66659e-18
1.66659e-18
1.66659e-18
1.66659e-18
1.66659e-18
