# time = 0.957239 years
0.000253044
0.000253288
0.000253532
0.000253777
0.000254021
0.000254265
0.000254509
0.000254753
0.000254997
0.000255241
0.000255485
0.000255728
0.000255972
0.000256216
0.00025646
0.000256704
0.000256948
0.000257191
0.000257435
0.000257679
0.000257923
0.000258166
0.00025841
0.000258654
0.000258897
0.000259141
0.000259384
0.000259628
0.000259871
0.000260115
0.000260358
0.000260602
0.000260845
0.000261089
0.000261332
0.000261576
0.000261819
0.000262062
0.000262306
0.000262549
0.000262792
0.000263035
0.000263279
0.000263522
0.000263765
0.000264008
0.000264251
0.000264494
0.000264737
0.00026498
0.000265223
0.000265466
0.000265709
0.000265952
0.000266195
0.000266438
0.000266681
0.000266924
0.000267167
0.00026741
0.000267652
0.000267895
0.000268137
0.000268379
0.00026862
0.00026886
0.000269098
0.000269332
0.00026956
0.00026978
0.000269985
0.000270169
0.000270321
0.00027043
0.000270476
0.000270438
0.000270287
0.000269993
0.000269517
0.000268819
0.000267858
0.000266591
0.000264981
0.000262999
0.000260624
0.000257849
0.000254683
0.000251148
0.000247284
0.000243141
0.00023878
0.000234264
0.000229658
0.000225018
0.000220391
0.000215811
0.000211299
0.00020687
0.000202556
0.000198442
