# time = 0.257718 years
0.00127993
0.00127915
0.00127838
0.00127763
0.00127912
0.00129234
0.00129204
0.00129181
0.00129119
0.00129025
0.00128934
0.00128848
0.00128742
0.00128574
0.0012827
0.00127682
0.00126557
0.00124513
0.00121055
0.00115651
0.00107864
0.000975256
0.000848802
0.000706287
0.000558317
0.000416846
0.000292439
0.000192037
0.000117991
6.84168e-05
3.80466e-05
1.97494e-05
9.14613e-06
3.8375e-06
1.47796e-06
5.26949e-07
1.79036e-07
6.54277e-08
3.24674e-08
2.40107e-08
2.21076e-08
2.17362e-08
2.16743e-08
2.16657e-08
2.16647e-08
2.16646e-08
2.16646e-08
2.16646e-08
2.16646e-08
2.16646e-08
2.16646e-08
2.16646e-08
2.16646e-08
2.16646e-08
2.16646e-08
2.16646e-08
2.16646e-08
2.16646e-08
2.16646e-08
2.16646e-08
2.16646e-08
2.16646e-08
2.16646e-08
2.16646e-08
2.16646e-08
2.16646e-08
2.16646e-08
2.16646e-08
2.16646e-08
2.16646e-08
2.16646e-08
2.16646e-08
2.16646e-08
2.16646e-08
2.16646e-08
2.16646e-08
2.16646e-08
2.16646e-08
2.16646e-08
2.16646e-08
2.16646e-08
2.16646e-08
2.16646e-08
2.16646e-08
2.16646e-08
2.16646e-08
2.16646e-08
2.16646e-08
2.16646e-08
2.16646e-08
2.16646e-08
2.16646e-08
2.16646e-08
2.16646e-08
2.16646e-08
2.16646e-08
2.16646e-08
2.16646e-08
2.16646e-08
2.16646e-08
