# time = 0.557513 years
2.91673e-05
2.94256e-05
2.96839e-05
2.99423e-05
3.02006e-05
3.04589e-05
3.07172e-05
3.09755e-05
3.12338e-05
3.14922e-05
3.17505e-05
3.20088e-05
3.22671e-05
3.25254e-05
3.27837e-05
3.30421e-05
3.33004e-05
3.35587e-05
3.3817e-05
3.40753e-05
3.43336e-05
3.4592e-05
3.48503e-05
3.51086e-05
3.53669e-05
3.56252e-05
3.58835e-05
3.61418e-05
3.64001e-05
3.66584e-05
3.69166e-05
3.71746e-05
3.74323e-05
3.76891e-05
3.79443e-05
3.81962e-05
3.8442e-05
3.8677e-05
3.88934e-05
3.90794e-05
3.92181e-05
3.92859e-05
3.92525e-05
3.90808e-05
3.87289e-05
3.8153e-05
3.7312e-05
3.6173e-05
3.47166e-05
3.29414e-05
3.08664e-05
2.85297e-05
2.59843e-05
2.32915e-05
2.05119e-05
1.76971e-05
1.48828e-05
1.20863e-05
9.31283e-06
6.58561e-06
4.0278e-06
1.95553e-06
7.0093e-07
1.92869e-07
4.91029e-08
1.30689e-08
4.00956e-09
1.78768e-09
1.61437e-09
2.83866e-09
4.39456e-09
5.48159e-09
6.0745e-09
6.35929e-09
6.48565e-09
6.53844e-09
6.55936e-09
6.56726e-09
6.57009e-09
6.57106e-09
6.57138e-09
6.57147e-09
6.5715e-09
6.57151e-09
6.57151e-09
6.57151e-09
6.57151e-09
6.57151e-09
6.57151e-09
6.57151e-09
6.57151e-09
6.57151e-09
6.57151e-09
6.57151e-09
6.57151e-09
6.57151e-09
6.57151e-09
6.57151e-09
6.57151e-09
6.57151e-09
