# time = 0.657444 years
3.5414e-05
3.5414e-05
3.5414e-05
3.5414e-05
3.5414e-05
3.5414e-05
3.5414e-05
3.5414e-05
3.5414e-05
3.5414e-05
3.5414e-05
3.54111e-05
3.51559e-05
1.94531e-05
3.26337e-07
3.15647e-09
3.08551e-11
3.05174e-13
3.02649e-15
3.90927e-17
9.60658e-18
9.25109e-18
9.17932e-18
9.10752e-18
9.03296e-18
8.95556e-18
8.87504e-18
8.7912e-18
8.70405e-18
8.61356e-18
8.51952e-18
8.42166e-18
8.31982e-18
8.21399e-18
8.10407e-18
7.98981e-18
7.87093e-18
7.74724e-18
7.61864e-18
7.48501e-18
7.34608e-18
7.20148e-18
7.05084e-18
6.89382e-18
6.72999e-18
6.55875e-18
6.37917e-18
6.19009e-18
5.99014e-18
5.77776e-18
5.55129e-18
5.30901e-18
5.04937e-18
4.77131e-18
4.47465e-18
4.16043e-18
3.83111e-18
3.49059e-18
3.14403e-18
2.79752e-18
2.4576e-18
2.13067e-18
1.82242e-18
1.5373e-18
1.27837e-18
1.04728e-18
8.44629e-19
6.70448e-19
5.24487e-19
4.0611e-19
3.13454e-19
2.42419e-19
1.87609e-19
1.45378e-19
1.14736e-19
9.53017e-20
8.6558e-20
8.93343e-20
1.07834e-19
1.4275e-19
1.60968e-19
1.6443e-19
1.65215e-19
1.65469e-19
1.65569e-19
1.65612e-19
1.65631e-19
1.65639e-19
1.65642e-19
1.65643e-19
1.65644e-19
1.65644e-19
1.65644e-19
1.65644e-19
1.65644e-19
1.65644e-19
1.65644e-19
1.65644e-19
1.65644e-19
1.65644e-19
