# time = 1.40956 years
3.5414e-05
3.5414e-05
3.5414e-05
3.5414e-05
3.5414e-05
3.5414e-05
3.5414e-05
3.5414e-05
3.5414e-05
3.5414e-05
3.5414e-05
3.5414e-05
3.5414e-05
3.5414e-05
3.5414e-05
3.5414e-05
3.5414e-05
3.54141e-05
3.54141e-05
3.54141e-05
3.54141e-05
3.54141e-05
3.54141e-05
3.54142e-05
3.54142e-05
3.54142e-05
3.54142e-05
3.54125e-05
3.52602e-05
2.43078e-05
5.46899e-07
5.36074e-09
5.19483e-11
5.09733e-13
5.04191e-15
6.06693e-17
1.15817e-17
1.11041e-17
1.11046e-17
1.11098e-17
1.11154e-17
1.11213e-17
1.11275e-17
1.1134e-17
1.11407e-17
1.11477e-17
1.1155e-17
1.11627e-17
1.11707e-17
1.11791e-17
1.11878e-17
1.11968e-17
1.12063e-17
1.12162e-17
1.12266e-17
1.12374e-17
1.12486e-17
1.12603e-17
1.12725e-17
1.12853e-17
1.12986e-17
1.13124e-17
1.13269e-17
1.13419e-17
1.13576e-17
1.13739e-17
1.1391e-17
1.14087e-17
1.14272e-17
1.14465e-17
1.14666e-17
1.14875e-17
1.15092e-17
1.15319e-17
1.15555e-17
1.15801e-17
1.16057e-17
1.16324e-17
1.16602e-17
1.16891e-17
1.17192e-17
1.17505e-17
1.17831e-17
1.18171e-17
1.18525e-17
1.18893e-17
1.19276e-17
1.19674e-17
1.20089e-17
1.20521e-17
1.2097e-17
1.21438e-17
1.21924e-17
1.22431e-17
1.22957e-17
1.23506e-17
1.24076e-17
1.24669e-17
1.25286e-17
1.25928e-17
