# time = 1.2097 years
3.5414e-05
3.54141e-05
3.54141e-05
3.54141e-05
3.54141e-05
3.54141e-05
3.54141e-05
3.54142e-05
3.54142e-05
3.54142e-05
3.54142e-05
3.54142e-05
3.54142e-05
3.54142e-05
3.54142e-05
3.54142e-05
3.54142e-05
3.54142e-05
3.54142e-05
3.54141e-05
3.54141e-05
3.54141e-05
3.5414e-05
3.5408e-05
3.48689e-05
1.16792e-05
1.45697e-07
1.42561e-09
1.41494e-11
1.40118e-13
1.38983e-15
2.47533e-17
1.13637e-17
1.12423e-17
1.12516e-17
1.12627e-17
1.12744e-17
1.12866e-17
1.12992e-17
1.13123e-17
1.1326e-17
1.13404e-17
1.13553e-17
1.13709e-17
1.13871e-17
1.14039e-17
1.14215e-17
1.14398e-17
1.1459e-17
1.14789e-17
1.14996e-17
1.15211e-17
1.15436e-17
1.1567e-17
1.15914e-17
1.16168e-17
1.16432e-17
1.16707e-17
1.16993e-17
1.17291e-17
1.17602e-17
1.17925e-17
1.18262e-17
1.18612e-17
1.18976e-17
1.19355e-17
1.1975e-17
1.20161e-17
1.20589e-17
1.21034e-17
1.21498e-17
1.2198e-17
1.22481e-17
1.23003e-17
1.23546e-17
1.24111e-17
1.247e-17
1.25311e-17
1.25948e-17
1.2661e-17
1.27299e-17
1.28016e-17
1.28761e-17
1.29536e-17
1.30342e-17
1.3118e-17
1.3205e-17
1.32952e-17
1.33888e-17
1.34855e-17
1.35853e-17
1.36879e-17
1.37928e-17
1.38993e-17
1.40065e-17
1.4113e-17
1.42171e-17
1.43163e-17
1.4408e-17
1.44887e-17
