# time = 0.310314 years
2.91673e-05
2.94256e-05
2.96839e-05
2.99423e-05
3.02006e-05
3.04589e-05
3.07172e-05
3.09755e-05
3.12338e-05
3.14922e-05
3.17505e-05
3.20088e-05
3.2267e-05
3.2525e-05
3.27823e-05
3.30375e-05
3.32877e-05
3.35258e-05
3.37379e-05
3.38986e-05
3.39661e-05
3.38777e-05
3.35502e-05
3.28859e-05
3.17881e-05
3.01833e-05
2.8045e-05
2.5411e-05
2.23861e-05
1.91266e-05
1.58084e-05
1.25891e-05
9.57633e-06
6.8131e-06
4.29878e-06
2.10866e-06
6.30001e-07
1.06379e-07
1.64195e-08
3.30501e-09
1.51115e-09
2.73126e-09
4.79223e-09
5.93177e-09
6.36985e-09
6.51124e-09
6.55163e-09
6.56198e-09
6.56435e-09
6.56483e-09
6.56492e-09
6.56493e-09
6.56493e-09
6.56493e-09
6.56493e-09
6.56493e-09
6.56493e-09
6.56493e-09
6.56493e-09
6.56493e-09
6.56493e-09
6.56493e-09
6.56493e-09
6.56493e-09
6.56493e-09
6.56493e-09
6.56493e-09
6.56493e-09
6.56493e-09
6.56493e-09
6.56493e-09
6.56493e-09
6.56493e-09
6.56493e-09
6.56493e-09
6.56493e-09
6.56493e-09
6.56493e-09
6.56493e-09
6.56493e-09
6.56493e-09
6.56493e-09
6.56493e-09
6.56493e-09
6.56493e-09
6.56493e-09
6.56493e-09
6.56493e-09
6.56493e-09
6.56493e-09
6.56493e-09
6.56493e-09
6.56493e-09
6.56493e-09
6.56493e-09
6.56493e-09
6.56493e-09
6.56493e-09
6.56493e-09
6.56493e-09
