# time = 0.909903 years
2.91673e-05
2.94256e-05
2.96839e-05
2.99423e-05
3.02006e-05
3.04589e-05
3.07172e-05
3.09755e-05
3.12338e-05
3.14922e-05
3.17505e-05
3.20088e-05
3.22671e-05
3.25254e-05
3.27837e-05
3.30421e-05
3.33004e-05
3.35587e-05
3.3817e-05
3.40753e-05
3.43336e-05
3.4592e-05
3.48503e-05
3.51086e-05
3.53669e-05
3.56252e-05
3.58835e-05
3.61419e-05
3.64002e-05
3.66585e-05
3.69168e-05
3.71751e-05
3.74334e-05
3.76918e-05
3.79501e-05
3.82084e-05
3.84667e-05
3.8725e-05
3.89833e-05
3.92417e-05
3.95e-05
3.97583e-05
4.00166e-05
4.02749e-05
4.05332e-05
4.07915e-05
4.10499e-05
4.13082e-05
4.15665e-05
4.18248e-05
4.20831e-05
4.23414e-05
4.25998e-05
4.28581e-05
4.31164e-05
4.33747e-05
4.36329e-05
4.38912e-05
4.41493e-05
4.44073e-05
4.46649e-05
4.49221e-05
4.51782e-05
4.54328e-05
4.56847e-05
4.59324e-05
4.61733e-05
4.64041e-05
4.66198e-05
4.68136e-05
4.69765e-05
4.7097e-05
4.7161e-05
4.71514e-05
4.70486e-05
4.6831e-05
4.6476e-05
4.59608e-05
4.52645e-05
4.43691e-05
4.32614e-05
4.1934e-05
4.03863e-05
3.86245e-05
3.66608e-05
3.45123e-05
3.2199e-05
2.97411e-05
2.71567e-05
2.44595e-05
2.16573e-05
1.87526e-05
1.57468e-05
1.26549e-05
9.53799e-06
6.55355e-06
3.97067e-06
2.05902e-06
9.02455e-07
3.43585e-07
