# time = 0.410245 years
3.5414e-05
3.5414e-05
3.5414e-05
3.5414e-05
3.5414e-05
3.54139e-05
3.5403e-05
3.44424e-05
7.02866e-06
7.9768e-08
7.96255e-10
7.92904e-12
7.82608e-14
7.82747e-16
2.211e-17
1.47723e-17
1.48441e-17
1.49961e-17
1.51569e-17
1.5322e-17
1.54929e-17
1.56717e-17
1.58583e-17
1.60504e-17
1.62472e-17
1.64482e-17
1.66501e-17
1.68452e-17
1.70223e-17
1.71666e-17
1.72571e-17
1.72669e-17
1.71637e-17
1.69141e-17
1.64872e-17
1.58597e-17
1.50191e-17
1.39672e-17
1.27219e-17
1.13159e-17
9.79461e-18
8.21471e-18
6.64529e-18
5.1688e-18
3.87391e-18
2.83032e-18
2.04927e-18
1.48357e-18
1.10079e-18
8.94962e-19
8.66659e-19
1.07439e-18
1.48551e-18
1.59722e-18
1.61114e-18
1.61417e-18
1.61509e-18
1.61541e-18
1.61551e-18
1.61555e-18
1.61556e-18
1.61556e-18
1.61556e-18
1.61556e-18
1.61556e-18
1.61556e-18
1.61556e-18
1.61556e-18
1.61556e-18
1.61556e-18
1.61556e-18
1.61556e-18
1.61556e-18
1.61556e-18
1.61556e-18
1.61556e-18
1.61556e-18
1.61556e-18
1.61556e-18
1.61556e-18
1.61556e-18
1.61556e-18
1.61556e-18
1.61556e-18
1.61556e-18
1.61556e-18
1.61556e-18
1.61556e-18
1.61556e-18
1.61556e-18
1.61556e-18
1.61556e-18
1.61556e-18
1.61556e-18
1.61556e-18
1.61556e-18
1.61556e-18
1.61556e-18
1.61556e-18
1.61556e-18
