# time = 0.610108 years
3.5414e-05
3.5414e-05
3.5414e-05
3.5414e-05
3.5414e-05
3.5414e-05
3.5414e-05
3.5414e-05
3.5414e-05
3.5414e-05
3.54109e-05
3.51387e-05
1.87921e-05
3.05295e-07
2.95174e-09
2.88973e-11
2.86012e-13
2.84005e-15
4.06569e-17
1.31627e-17
1.29667e-17
1.30429e-17
1.31256e-17
1.32108e-17
1.3299e-17
1.33911e-17
1.34876e-17
1.35877e-17
1.36914e-17
1.37991e-17
1.39116e-17
1.40288e-17
1.41506e-17
1.4277e-17
1.44083e-17
1.45451e-17
1.46875e-17
1.48354e-17
1.49885e-17
1.51467e-17
1.53098e-17
1.54767e-17
1.56456e-17
1.58134e-17
1.59754e-17
1.61252e-17
1.6254e-17
1.63504e-17
1.64003e-17
1.63873e-17
1.62934e-17
1.61006e-17
1.5792e-17
1.53539e-17
1.47771e-17
1.40584e-17
1.32014e-17
1.22172e-17
1.11231e-17
9.94273e-18
8.70564e-18
7.44757e-18
6.21174e-18
5.04834e-18
4.00934e-18
3.13477e-18
2.43333e-18
1.87952e-18
1.44609e-18
1.12789e-18
9.25315e-19
8.34493e-19
8.64736e-19
1.06211e-18
1.40064e-18
1.53585e-18
1.55924e-18
1.56472e-18
1.56654e-18
1.56726e-18
1.56756e-18
1.56768e-18
1.56774e-18
1.56776e-18
1.56776e-18
1.56777e-18
1.56777e-18
1.56777e-18
1.56777e-18
1.56777e-18
1.56777e-18
1.56777e-18
1.56777e-18
1.56777e-18
1.56777e-18
1.56777e-18
1.56777e-18
1.56777e-18
1.56777e-18
1.56777e-18
