# time = 1.25703 years
3.5414e-05
3.5414e-05
3.5414e-05
3.5414e-05
3.5414e-05
3.54141e-05
3.54141e-05
3.54141e-05
3.54141e-05
3.54141e-05
3.54141e-05
3.54142e-05
3.54142e-05
3.54142e-05
3.54142e-05
3.54142e-05
3.54142e-05
3.54142e-05
3.54142e-05
3.54142e-05
3.54142e-05
3.54142e-05
3.54142e-05
3.54141e-05
3.54084e-05
3.49023e-05
1.22847e-05
1.55808e-07
1.52106e-09
1.50818e-11
1.49382e-13
1.481e-15
2.51599e-17
1.0859e-17
1.07083e-17
1.06963e-17
1.06852e-17
1.06738e-17
1.06619e-17
1.06495e-17
1.06367e-17
1.06234e-17
1.06096e-17
1.05953e-17
1.05805e-17
1.0565e-17
1.0549e-17
1.05324e-17
1.05151e-17
1.04972e-17
1.04786e-17
1.04592e-17
1.04392e-17
1.04183e-17
1.03967e-17
1.03742e-17
1.03509e-17
1.03266e-17
1.03014e-17
1.02753e-17
1.02481e-17
1.02199e-17
1.01905e-17
1.01601e-17
1.01284e-17
1.00955e-17
1.00614e-17
1.00259e-17
9.98898e-18
9.95065e-18
9.91083e-18
9.86944e-18
9.82644e-18
9.78175e-18
9.73532e-18
9.68707e-18
9.63692e-18
9.5848e-18
9.53063e-18
9.47434e-18
9.41583e-18
9.35503e-18
9.29184e-18
9.22616e-18
9.15789e-18
9.08692e-18
9.01314e-18
8.93644e-18
8.85669e-18
8.77375e-18
8.68745e-18
8.59762e-18
8.50405e-18
8.4065e-18
8.30468e-18
8.19823e-18
8.08673e-18
7.96969e-18
7.84647e-18
7.71636e-18
