# time = 1.05717 years
7.1028e-05
7.1028e-05
7.1028e-05
7.1028e-05
7.1028e-05
7.1028e-05
7.1028e-05
7.1028e-05
7.1028e-05
7.1028e-05
7.1028e-05
7.1028e-05
7.1028e-05
7.1028e-05
7.1028e-05
7.1028e-05
7.1028e-05
7.1028e-05
7.1028e-05
7.1028e-05
7.1028e-05
7.1028e-05
7.1028e-05
7.1028e-05
7.1028e-05
7.1028e-05
7.1028e-05
7.1028e-05
7.1028e-05
7.1028e-05
7.1028e-05
7.1028e-05
7.1028e-05
7.1028e-05
7.1028e-05
7.1028e-05
7.1028e-05
7.1028e-05
7.1028e-05
7.1028e-05
7.1028e-05
7.1028e-05
7.1028e-05
7.1028e-05
7.1028e-05
7.1028e-05
7.1028e-05
7.1028e-05
7.1028e-05
7.1028e-05
7.1028e-05
7.1028e-05
7.1028e-05
7.1028e-05
7.1028e-05
7.1028e-05
7.1028e-05
7.1028e-05
7.1028e-05
7.1028e-05
7.1028e-05
7.1028e-05
7.1028e-05
7.1028e-05
7.1028e-05
7.1028e-05
7.10279e-05
7.10279e-05
7.10278e-05
7.10275e-05
7.10271e-05
7.10263e-05
7.10248e-05
7.10223e-05
7.10179e-05
7.10105e-05
7.09984e-05
7.09789e-05
7.09482e-05
7.09007e-05
7.08289e-05
7.07226e-05
7.05683e-05
7.03488e-05
7.00432e-05
6.96261e-05
6.90684e-05
6.83376e-05
6.73992e-05
6.62182e-05
6.47618e-05
6.30012e-05
6.09152e-05
5.84929e-05
5.57355e-05
5.26589e-05
4.92938e-05
4.56859e-05
4.18939e-05
3.7987e-05
