# time = 0.809972 years
0.000253044
0.000253288
0.000253532
0.000253777
0.000254021
0.000254265
0.000254509
0.000254753
0.000254997
0.000255241
0.000255485
0.000255728
0.000255972
0.000256216
0.00025646
0.000256704
0.000256948
0.000257191
0.000257435
0.000257679
0.000257923
0.000258166
0.00025841
0.000258654
0.000258897
0.000259141
0.000259384
0.000259628
0.000259871
0.000260115
0.000260358
0.000260602
0.000260845
0.000261089
0.000261332
0.000261576
0.000261819
0.000262062
0.000262306
0.000262549
0.000262792
0.000263035
0.000263279
0.000263522
0.000263765
0.000264008
0.000264251
0.000264494
0.000264737
0.00026498
0.000265223
0.000265465
0.000265706
0.000265946
0.000266184
0.000266417
0.000266643
0.000266857
0.000267051
0.000267217
0.000267337
0.000267394
0.00026736
0.000267201
0.000266878
0.000266344
0.000265547
0.000264434
0.000262954
0.000261062
0.000258724
0.000255925
0.000252668
0.000248977
0.000244902
0.000240508
0.000235875
0.000231092
0.000226244
0.000221411
0.000216654
0.000212016
0.000207522
0.000203188
0.000199054
0.000195241
0.000191993
0.000189586
0.000188093
0.000187308
0.000186918
0.000186711
0.000186591
0.000186519
0.000186475
0.000186448
0.000186433
0.000186424
0.00018642
0.000186418
