# time = 0.71004 years
0.00127993
0.00127915
0.00127838
0.0012776
0.00127683
0.00127605
0.00127528
0.0012745
0.00127373
0.00127295
0.00127218
0.0012714
0.00127063
0.00126996
0.00127651
0.00128529
0.00128521
0.00128419
0.00128314
0.00128238
0.00128171
0.00128096
0.00128015
0.00127936
0.00127859
0.00127782
0.00127705
0.00127627
0.0012755
0.00127472
0.00127395
0.00127317
0.0012724
0.00127162
0.00127085
0.00127007
0.0012693
0.00126852
0.00126775
0.00126697
0.00126619
0.00126542
0.00126463
0.00126384
0.00126304
0.0012622
0.00126131
0.00126032
0.00125914
0.00125767
0.00125571
0.00125299
0.00124911
0.00124354
0.00123557
0.00122434
0.00120884
0.00118792
0.00116044
0.00112531
0.00108163
0.00102889
0.000967031
0.000896582
0.000818695
0.000735118
0.000648097
0.000560202
0.00047412
0.000392426
0.000317366
0.000250691
0.00019355
0.00014644
0.000109176
8.08144e-05
5.9597e-05
4.33566e-05
3.05126e-05
2.05264e-05
1.32392e-05
8.24686e-06
4.98218e-06
2.9262e-06
1.67463e-06
9.35869e-07
5.11734e-07
2.7591e-07
1.49298e-07
8.36696e-08
5.08077e-08
3.49075e-08
2.74736e-08
2.41159e-08
2.26514e-08
2.20347e-08
2.17842e-08
2.16861e-08
2.1649e-08
2.16355e-08
