# time = 0.957239 years
7.1028e-05
7.1028e-05
7.1028e-05
7.1028e-05
7.1028e-05
7.1028e-05
7.1028e-05
7.1028e-05
7.1028e-05
7.1028e-05
7.1028e-05
7.1028e-05
7.1028e-05
7.1028e-05
7.1028e-05
7.1028e-05
7.1028e-05
7.1028e-05
7.1028e-05
7.1028e-05
7.1028e-05
7.1028e-05
7.1028e-05
7.1028e-05
7.1028e-05
7.1028e-05
7.1028e-05
7.1028e-05
7.1028e-05
7.1028e-05
7.1028e-05
7.1028e-05
7.1028e-05
7.1028e-05
7.1028e-05
7.1028e-05
7.1028e-05
7.1028e-05
7.1028e-05
7.1028e-05
7.1028e-05
7.1028e-05
7.1028e-05
7.1028e-05
7.1028e-05
7.1028e-05
7.1028e-05
7.1028e-05
7.1028e-05
7.1028e-05
7.1028e-05
7.1028e-05
7.1028e-05
7.1028e-05
7.1028e-05
7.1028e-05
7.1028e-05
7.1028e-05
7.10279e-05
7.10279e-05
7.10278e-05
7.10275e-05
7.1027e-05
7.10261e-05
7.10245e-05
7.10215e-05
7.10163e-05
7.10074e-05
7.09923e-05
7.09678e-05
7.09284e-05
7.08669e-05
7.07729e-05
7.06326e-05
7.04279e-05
7.01357e-05
6.97283e-05
6.91726e-05
6.84318e-05
6.74659e-05
6.62344e-05
6.46988e-05
6.28261e-05
6.05925e-05
5.79865e-05
5.50127e-05
5.1693e-05
4.80681e-05
4.41961e-05
4.015e-05
3.6014e-05
3.1878e-05
2.78319e-05
2.39599e-05
2.0335e-05
1.70153e-05
1.40415e-05
1.14355e-05
9.20186e-06
7.32919e-06
