# time = 0.71004 years
2.91673e-05
2.94256e-05
2.96839e-05
2.99423e-05
3.02006e-05
3.04589e-05
3.07172e-05
3.09755e-05
3.12338e-05
3.14922e-05
3.17505e-05
3.20088e-05
3.22671e-05
3.25254e-05
3.27837e-05
3.30421e-05
3.33004e-05
3.35587e-05
3.3817e-05
3.40753e-05
3.43336e-05
3.4592e-05
3.48503e-05
3.51086e-05
3.53669e-05
3.56252e-05
3.58835e-05
3.61419e-05
3.64002e-05
3.66585e-05
3.69168e-05
3.71751e-05
3.74334e-05
3.76918e-05
3.79501e-05
3.82084e-05
3.84667e-05
3.8725e-05
3.89833e-05
3.92416e-05
3.94999e-05
3.97582e-05
4.00163e-05
4.02743e-05
4.05319e-05
4.07889e-05
4.10445e-05
4.12978e-05
4.1547e-05
4.17892e-05
4.20202e-05
4.22333e-05
4.24191e-05
4.25649e-05
4.26535e-05
4.26637e-05
4.25698e-05
4.23426e-05
4.19508e-05
4.13631e-05
4.05511e-05
3.94921e-05
3.81722e-05
3.65883e-05
3.47491e-05
3.2675e-05
3.0396e-05
2.79479e-05
2.53685e-05
2.2692e-05
1.99455e-05
1.71457e-05
1.42994e-05
1.1411e-05
8.50901e-06
5.70583e-06
3.26413e-06
1.51193e-06
5.57363e-07
1.74994e-07
5.28883e-08
1.6394e-08
5.53608e-09
2.33844e-09
1.52675e-09
1.91298e-09
3.21395e-09
4.54275e-09
5.47472e-09
6.02056e-09
6.30987e-09
6.45363e-09
6.52169e-09
6.5526e-09
6.56612e-09
6.57182e-09
6.57413e-09
6.57504e-09
6.57538e-09
6.57551e-09
