# time = 0.257718 years
2.91584
2.91611
2.91638
2.91665
2.91637
2.91458
2.91492
2.915
2.91521
2.91554
2.91585
2.91615
2.91651
2.91709
2.91812
2.92011
2.92395
2.93099
2.94316
2.9629
2.99302
3.03658
3.09664
3.17619
3.27803
3.40475
3.55864
3.74148
3.95359
4.19179
4.45113
4.74795
5.1116
5.57046
6.26681
7.08694
7.38196
7.46823
7.49221
7.49829
7.49965
7.49992
7.49996
7.49997
7.49997
7.49997
7.49997
7.49997
7.49997
7.49997
7.49997
7.49997
7.49997
7.49997
7.49997
7.49997
7.49997
7.49997
7.49997
7.49997
7.49997
7.49997
7.49997
7.49997
7.49997
7.49997
7.49997
7.49997
7.49997
7.49997
7.49997
7.49997
7.49997
7.49997
7.49997
7.49997
7.49997
7.49997
7.49997
7.49997
7.49997
7.49997
7.49997
7.49997
7.49997
7.49997
7.49997
7.49997
7.49997
7.49997
7.49997
7.49997
7.49997
7.49997
7.49997
7.49997
7.49997
7.49997
7.49997
7.49997
