# time = 0 years
7.49925
7.49925
7.49925
7.49925
7.49925
7.49925
7.49925
7.49925
7.49925
7.49925
7.49925
7.49925
7.49925
7.49925
7.49925
7.49925
7.49925
7.49925
7.49925
7.49925
7.49925
7.49925
7.49925
7.49925
7.49925
7.49925
7.49925
7.49925
7.49925
7.49925
7.49925
7.49925
7.49925
7.49925
7.49925
7.49925
7.49925
7.49925
7.49925
7.49925
7.49925
7.49925
7.49925
7.49925
7.49925
7.49925
7.49925
7.49925
7.49925
7.49925
7.49925
7.49925
7.49925
7.49925
7.49925
7.49925
7.49925
7.49925
7.49925
7.49925
7.49925
7.49925
7.49925
7.49925
7.49925
7.49925
7.49925
7.49925
7.49925
7.49925
7.49925
7.49925
7.49925
7.49925
7.49925
7.49925
7.49925
7.49925
7.49925
7.49925
7.49925
7.49925
7.49925
7.49925
7.49925
7.49925
7.49925
7.49925
7.49925
7.49925
7.49925
7.49925
7.49925
7.49925
7.49925
7.49925
7.49925
7.49925
7.49925
7.49925
