# time = 0.557513 years
2.91584
2.91611
2.91638
2.91666
2.91693
2.9172
2.91747
2.91774
2.91801
2.91828
2.91847
2.91574
2.91612
2.91663
2.91698
2.91718
2.91741
2.91769
2.91798
2.91825
2.91851
2.91878
2.91906
2.91933
2.9196
2.91987
2.92014
2.92041
2.92069
2.92096
2.92123
2.92151
2.92179
2.92209
2.92241
2.92278
2.92324
2.92386
2.92476
2.9261
2.92815
2.93125
2.93587
2.94258
2.95209
2.96521
2.98282
3.00588
3.03538
3.07232
3.11768
3.17242
3.23746
3.31367
3.40185
3.50268
3.61657
3.74349
3.88238
4.03061
4.18449
4.34389
4.51785
4.71811
4.94866
5.21187
5.52063
5.91447
6.48194
7.02009
7.28612
7.40604
7.45965
7.48321
7.49326
7.49739
7.49902
7.49963
7.49985
7.49993
7.49995
7.49996
7.49996
7.49996
7.49996
7.49996
7.49996
7.49996
7.49996
7.49996
7.49996
7.49996
7.49996
7.49996
7.49996
7.49996
7.49996
7.49996
7.49996
7.49996
