# time = 0.610108 years
2.91584
2.91611
2.91638
2.91666
2.91693
2.9172
2.91747
2.91774
2.91801
2.91828
2.91856
2.91878
2.91658
2.91642
2.91677
2.9172
2.91749
2.91771
2.91795
2.91824
2.91852
2.91879
2.91906
2.91933
2.9196
2.91987
2.92014
2.92041
2.92069
2.92096
2.92123
2.9215
2.92178
2.92205
2.92232
2.9226
2.92288
2.92318
2.92349
2.92385
2.92428
2.92484
2.92561
2.92674
2.92841
2.9309
2.93456
2.93985
2.94733
2.95766
2.97157
2.98987
3.01339
3.04302
3.07963
3.12409
3.17723
3.23985
3.31274
3.39657
3.49195
3.59926
3.71843
3.84861
3.98755
4.13182
4.2799
4.43752
4.61577
4.82105
5.05419
5.3201
5.63634
6.05195
6.6311
7.08688
7.30916
7.41301
7.46118
7.48316
7.49293
7.49713
7.49887
7.49955
7.49982
7.49991
7.49995
7.49996
7.49996
7.49996
7.49996
7.49996
7.49996
7.49996
7.49996
7.49996
7.49996
7.49996
7.49996
7.49996
