# time = 0.0578551 years
2.91476
2.91844
2.93845
2.9964
3.1204
3.33928
3.68216
4.18239
4.88788
6.32759
7.49989
7.49997
7.49997
7.49997
7.49997
7.49997
7.49997
7.49997
7.49997
7.49997
7.49997
7.49997
7.49997
7.49997
7.49997
7.49997
7.49997
7.49997
7.49997
7.49997
7.49997
7.49997
7.49997
7.49997
7.49997
7.49997
7.49997
7.49997
7.49997
7.49997
7.49997
7.49997
7.49997
7.49997
7.49997
7.49997
7.49997
7.49997
7.49997
7.49997
7.49997
7.49997
7.49997
7.49997
7.49997
7.49997
7.49997
7.49997
7.49997
7.49997
7.49997
7.49997
7.49997
7.49997
7.49997
7.49997
7.49997
7.49997
7.49997
7.49997
7.49997
7.49997
7.49997
7.49997
7.49997
7.49997
7.49997
7.49997
7.49997
7.49997
7.49997
7.49997
7.49997
7.49997
7.49997
7.49997
7.49997
7.49997
7.49997
7.49997
7.49997
7.49997
7.49997
7.49997
7.49997
7.49997
7.49997
7.49997
7.49997
7.49997
